# This file was generated by Animated Java via MC-Build. It is not recommended to edit this file directly.
$data merge entity $(bone_head) {transformation: [-1f,0f,0f,0f,0f,0.9475f,0.3197f,-0.8553f,0f,0.3197f,-0.9475f,0.0685f,0f,0f,0f,1f],start_interpolation: 0,interpolation_duration: 1}
$data merge entity $(bone_knife) {transformation: [-0.9962f,0.0872f,0f,-0.668f,0.087f,0.9942f,0.0636f,-2.0526f,0.0055f,0.0633f,-0.998f,0.0236f,0f,0f,0f,1f],start_interpolation: 0,interpolation_duration: 1}
$data merge entity $(bone_right_arm) {transformation: [-0.9962f,0.0872f,0f,-0.375f,0.087f,0.9942f,0.0636f,-0.8553f,0.0055f,0.0633f,-0.998f,0.0685f,0f,0f,0f,1f],start_interpolation: 0,interpolation_duration: 1}
$data merge entity $(bone_left_arm) {transformation: [-0.9962f,-0.0872f,0f,0.375f,-0.087f,0.9942f,0.0636f,-0.8553f,-0.0055f,0.0633f,-0.998f,0.0685f,0f,0f,0f,1f],start_interpolation: 0,interpolation_duration: 1}
$data merge entity $(bone_torso) {transformation: [-1f,0f,0f,0f,0f,0.998f,0.0636f,-1.9312f,0f,0.0636f,-0.998f,0f,0f,0f,0f,1f],start_interpolation: 0,interpolation_duration: 1}
data modify entity @s data merge value {"cameras":{},"locators":{"left_arm_grab":{"posx":0.704623987749921,"posy":-2.1820719406165874,"posz":-0.015978163595997283,"roty":0,"rotx":3.645000000000001}}}