# This file was generated by Animated Java via MC-Build. It is not recommended to edit this file directly.
$data merge entity $(bone_head) {transformation: [-1f,0f,0f,0f,0f,0.9516f,0.3072f,-0.8503f,0f,0.3072f,-0.9516f,0.0544f,0f,0f,0f,1f],start_interpolation: 0,interpolation_duration: 1}
$data merge entity $(bone_knife) {transformation: [-0.9962f,0.0872f,0f,-0.668f,0.087f,0.9949f,0.0505f,-2.0482f,0.0044f,0.0503f,-0.9987f,0.0252f,0f,0f,0f,1f],start_interpolation: 0,interpolation_duration: 1}
$data merge entity $(bone_right_arm) {transformation: [-0.9962f,0.0872f,0f,-0.375f,0.087f,0.9949f,0.0505f,-0.8503f,0.0044f,0.0503f,-0.9987f,0.0544f,0f,0f,0f,1f],start_interpolation: 0,interpolation_duration: 1}
$data merge entity $(bone_left_arm) {transformation: [-0.9962f,-0.0872f,0f,0.375f,-0.087f,0.9949f,0.0505f,-0.8503f,-0.0044f,0.0503f,-0.9987f,0.0544f,0f,0f,0f,1f],start_interpolation: 0,interpolation_duration: 1}
$data merge entity $(bone_torso) {transformation: [-1f,0f,0f,0f,0f,0.9987f,0.0505f,-1.9271f,0f,0.0505f,-0.9987f,0f,0f,0f,0f,1f],start_interpolation: 0,interpolation_duration: 1}
data modify entity @s data merge value {"cameras":{},"locators":{"left_arm_grab":{"posx":0.704623987749921,"posy":-2.1780932612572506,"posz":-0.012687146653261934,"roty":0,"rotx":2.893518518518519}}}