# This file was generated by Animated Java via MC-Build. It is not recommended to edit this file directly.
$data merge entity $(bone_head) {transformation: [-1f,0f,0f,0f,0f,0.9609f,0.277f,-0.8346f,0f,0.277f,-0.9609f,0.0203f,0f,0f,0f,1f],start_interpolation: 0,interpolation_duration: 1}
$data merge entity $(bone_knife) {transformation: [-0.9962f,0.0872f,0f,-0.668f,0.0871f,0.996f,0.0188f,-2.0327f,0.0016f,0.0188f,-0.9998f,0.029f,0f,0f,0f,1f],start_interpolation: 0,interpolation_duration: 1}
$data merge entity $(bone_right_arm) {transformation: [-0.9962f,0.0872f,0f,-0.375f,0.0871f,0.996f,0.0188f,-0.8346f,0.0016f,0.0188f,-0.9998f,0.0203f,0f,0f,0f,1f],start_interpolation: 0,interpolation_duration: 1}
$data merge entity $(bone_left_arm) {transformation: [-0.9962f,-0.0872f,0f,0.375f,-0.0871f,0.996f,0.0188f,-0.8346f,-0.0016f,0.0188f,-0.9998f,0.0203f,0f,0f,0f,1f],start_interpolation: 0,interpolation_duration: 1}
$data merge entity $(bone_torso) {transformation: [-1f,0f,0f,0f,0f,0.9998f,0.0188f,-1.9125f,0f,0.0188f,-0.9998f,0f,0f,0f,0f,1f],start_interpolation: 0,interpolation_duration: 1}
data modify entity @s data merge value {"cameras":{},"locators":{"left_arm_grab":{"posx":0.704623987749921,"posy":-2.1637857072822273,"posz":-0.004737185054699309,"roty":0,"rotx":1.0799999999999994}}}