# This file was generated by Animated Java via MC-Build. It is not recommended to edit this file directly.
$data merge entity $(bone_head) {transformation: [-1f,0f,0f,0f,0f,0.9641f,0.2657f,-0.824f,0f,0.2657f,-0.9641f,0.0077f,0f,0f,0f,1f],start_interpolation: 0,interpolation_duration: 1}
$data merge entity $(bone_knife) {transformation: [-0.9962f,0.0872f,0f,-0.668f,0.0872f,0.9962f,0.0071f,-2.0219f,0.0006f,0.0071f,-1f,0.0304f,0f,0f,0f,1f],start_interpolation: 0,interpolation_duration: 1}
$data merge entity $(bone_right_arm) {transformation: [-0.9962f,0.0872f,0f,-0.375f,0.0872f,0.9962f,0.0071f,-0.824f,0.0006f,0.0071f,-1f,0.0077f,0f,0f,0f,1f],start_interpolation: 0,interpolation_duration: 1}
$data merge entity $(bone_left_arm) {transformation: [-0.9962f,-0.0872f,0f,0.375f,-0.0872f,0.9962f,0.0071f,-0.824f,-0.0006f,0.0071f,-1f,0.0077f,0f,0f,0f,1f],start_interpolation: 0,interpolation_duration: 1}
$data merge entity $(bone_torso) {transformation: [-1f,0f,0f,0f,0f,1f,0.0071f,-1.9021f,0f,0.0071f,-1f,0f,0f,0f,0f,1f],start_interpolation: 0,interpolation_duration: 1}
data modify entity @s data merge value {"cameras":{},"locators":{"left_arm_grab":{"posx":0.704623987749921,"posy":-2.1534073524859387,"posz":-0.001784657825007415,"roty":0,"rotx":0.4068518518518519}}}