# This file was generated by Animated Java via MC-Build. It is not recommended to edit this file directly.
$data merge entity $(bone_head) {transformation: [-1f,0f,0f,0f,0f,0.9645f,0.2642f,-0.8219f,0f,0.2642f,-0.9645f,0.006f,0f,0f,0f,1f],start_interpolation: 0,interpolation_duration: 1}
$data merge entity $(bone_knife) {transformation: [-0.9962f,0.0872f,0f,-0.668f,0.0872f,0.9962f,0.0056f,-2.0198f,0.0005f,0.0056f,-1f,0.0306f,0f,0f,0f,1f],start_interpolation: 0,interpolation_duration: 1}
$data merge entity $(bone_right_arm) {transformation: [-0.9962f,0.0872f,0f,-0.375f,0.0872f,0.9962f,0.0056f,-0.8219f,0.0005f,0.0056f,-1f,0.006f,0f,0f,0f,1f],start_interpolation: 0,interpolation_duration: 1}
$data merge entity $(bone_left_arm) {transformation: [-0.9962f,-0.0872f,0f,0.375f,-0.0872f,0.9962f,0.0056f,-0.8219f,-0.0005f,0.0056f,-1f,0.006f,0f,0f,0f,1f],start_interpolation: 0,interpolation_duration: 1}
$data merge entity $(bone_torso) {transformation: [-1f,0f,0f,0f,0f,1f,0.0056f,-1.9f,0f,0.0056f,-1f,0f,0f,0f,0f,1f],start_interpolation: 0,interpolation_duration: 1}
data modify entity @s data merge value {"cameras":{},"locators":{"left_arm_grab":{"posx":0.704623987749921,"posy":-2.151326435679959,"posz":-0.0014036862109825946,"roty":0,"rotx":0.3200000000000003}}}