# This file was generated by Animated Java via MC-Build. It is not recommended to edit this file directly.
$data merge entity $(bone_head) {transformation: [-1f,0f,0f,0f,0f,0.9651f,0.2619f,-0.8177f,0f,0.2619f,-0.9651f,0.0035f,0f,0f,0f,1f],start_interpolation: 0,interpolation_duration: 1}
$data merge entity $(bone_knife) {transformation: [-0.9962f,0.0872f,0f,-0.668f,0.0872f,0.9962f,0.0032f,-2.0156f,0.0003f,0.0032f,-1f,0.0309f,0f,0f,0f,1f],start_interpolation: 0,interpolation_duration: 1}
$data merge entity $(bone_right_arm) {transformation: [-0.9962f,0.0872f,0f,-0.375f,0.0872f,0.9962f,0.0032f,-0.8177f,0.0003f,0.0032f,-1f,0.0035f,0f,0f,0f,1f],start_interpolation: 0,interpolation_duration: 1}
$data merge entity $(bone_left_arm) {transformation: [-0.9962f,-0.0872f,0f,0.375f,-0.0872f,0.9962f,0.0032f,-0.8177f,-0.0003f,0.0032f,-1f,0.0035f,0f,0f,0f,1f],start_interpolation: 0,interpolation_duration: 1}
$data merge entity $(bone_torso) {transformation: [-1f,0f,0f,0f,0f,1f,0.0032f,-1.8958f,0f,0.0032f,-1f,0f,0f,0f,0f,1f],start_interpolation: 0,interpolation_duration: 1}
data modify entity @s data merge value {"cameras":{},"locators":{"left_arm_grab":{"posx":0.704623987749921,"posy":-2.147162376105573,"posz":-0.0008123212179239861,"roty":0,"rotx":0.18518518518518512}}}