# This file was generated by Animated Java via MC-Build. It is not recommended to edit this file directly.
$data merge entity $(bone_head) {transformation: [-1f,0f,0f,0f,0f,0.9659f,0.2589f,-0.8031f,0f,0.2589f,-0.9659f,0.0001f,0f,0f,0f,1f],start_interpolation: 0,interpolation_duration: 1}
$data merge entity $(bone_knife) {transformation: [-0.9962f,0.0872f,0f,-0.668f,0.0872f,0.9962f,0.0001f,-2.0009f,0f,0.0001f,-1f,0.0312f,0f,0f,0f,1f],start_interpolation: 0,interpolation_duration: 1}
$data merge entity $(bone_right_arm) {transformation: [-0.9962f,0.0872f,0f,-0.375f,0.0872f,0.9962f,0.0001f,-0.8031f,0f,0.0001f,-1f,0.0001f,0f,0f,0f,1f],start_interpolation: 0,interpolation_duration: 1}
$data merge entity $(bone_left_arm) {transformation: [-0.9962f,-0.0872f,0f,0.375f,-0.0872f,0.9962f,0.0001f,-0.8031f,0f,0.0001f,-1f,0.0001f,0f,0f,0f,1f],start_interpolation: 0,interpolation_duration: 1}
$data merge entity $(bone_torso) {transformation: [-1f,0f,0f,0f,0f,1f,0.0001f,-1.8812f,0f,0.0001f,-1f,0f,0f,0f,0f,1f],start_interpolation: 0,interpolation_duration: 1}
data modify entity @s data merge value {"cameras":{},"locators":{"left_arm_grab":{"posx":0.704623987749921,"posy":-2.1325803545645208,"posz":-0.000021932711042367163,"roty":0,"rotx":0.004999999999999894}}}