# This file was generated by Animated Java via MC-Build. It is not recommended to edit this file directly.
$data merge entity $(bone_head) {transformation: [-1f,0f,0f,0f,0f,0.9409f,0.3386f,-0.8605f,0f,0.3386f,-0.9409f,0.0901f,0f,0f,0f,1f],start_interpolation: 0,interpolation_duration: 1}
$data merge entity $(bone_knife) {transformation: [-0.9962f,0.0872f,0f,-0.668f,0.0869f,0.9927f,0.0835f,-2.0567f,0.0073f,0.0832f,-0.9965f,0.0211f,0f,0f,0f,1f],start_interpolation: 0,interpolation_duration: 1}
$data merge entity $(bone_right_arm) {transformation: [-0.9962f,0.0872f,0f,-0.375f,0.0869f,0.9927f,0.0835f,-0.8605f,0.0073f,0.0832f,-0.9965f,0.0901f,0f,0f,0f,1f],start_interpolation: 0,interpolation_duration: 1}
$data merge entity $(bone_left_arm) {transformation: [-0.9962f,-0.0872f,0f,0.375f,-0.0869f,0.9927f,0.0835f,-0.8605f,-0.0073f,0.0832f,-0.9965f,0.0901f,0f,0f,0f,1f],start_interpolation: 0,interpolation_duration: 1}
$data merge entity $(bone_torso) {transformation: [-1f,0f,0f,0f,0f,0.9965f,0.0835f,-1.9349f,0f,0.0835f,-0.9965f,0f,0f,0f,0f,1f],start_interpolation: 0,interpolation_duration: 1}
data modify entity @s data merge value {"cameras":{},"locators":{"left_arm_grab":{"posx":0.704623987749921,"posy":-2.1853431976392557,"posz":-0.020992699675871335,"roty":0,"rotx":4.791287847477921}}}