# This file was generated by Animated Java via MC-Build. It is not recommended to edit this file directly.
$data merge entity $(bone_right_leg_hazmat) {transformation: [-0.6088f,0.7934f,0f,-0.3907f,0f,0f,-1f,0.1875f,-0.7934f,-0.6088f,0f,-0.0515f,0f,0f,0f,1f],start_interpolation: 0,interpolation_duration: 1}
$data merge entity $(bone_left_leg_hazmat) {transformation: [-0.866f,0.5f,0f,-0.1274f,0f,0f,-1f,0.1875f,-0.5f,-0.866f,0f,0.1695f,0f,0f,0f,1f],start_interpolation: 0,interpolation_duration: 1}
$data merge entity $(bone_right_arm_hazmat) {transformation: [-0.5373f,0.8434f,0f,-0.0925f,0f,0f,-1f,0.1875f,-0.8434f,-0.5373f,0f,-0.6986f,0f,0f,0f,1f],start_interpolation: 0,interpolation_duration: 1}
$data merge entity $(bone_left_arm_hazmat) {transformation: [-0.9063f,0.4226f,0f,0.506f,0f,0f,-1f,0.1875f,-0.4226f,-0.9063f,0f,-0.1965f,0f,0f,0f,1f],start_interpolation: 0,interpolation_duration: 1}
$data merge entity $(bone_helmet) {transformation: [-0.4924f,0.6428f,0.5868f,0.5162f,-0.766f,0f,-0.6428f,0.1875f,-0.4132f,-0.766f,0.4924f,-0.8406f,0f,0f,0f,1f],start_interpolation: 0,interpolation_duration: 1}
$data merge entity $(bone_upper) {transformation: [-0.766f,0.6428f,0f,-0.2232f,0f,0f,-1f,0.1875f,-0.6428f,-0.766f,0f,0.0892f,0f,0f,0f,1f],start_interpolation: 0,interpolation_duration: 1}
data modify entity @s data merge value {"cameras":{},"locators":{"camera":{"posx":0.3555080135741668,"posy":0.48750000000000004,"posz":-0.6490982235824488,"roty":40,"rotx":-90}}}