# This file was generated by Animated Java via MC-Build. It is not recommended to edit this file directly.
$data merge entity $(bone_tube) {transformation: [-0.6788f,0.7293f,-0.0853f,-0.5014f,0.4163f,0.2866f,-0.8629f,-0.4978f,-0.6049f,-0.6212f,-0.4981f,-0.0582f,0f,0f,0f,1f],start_interpolation: 0,interpolation_duration: 1}
$data merge entity $(bone_fire_extinguisher) {transformation: [-0.6788f,0.7293f,-0.0853f,-0.5014f,0.4163f,0.2866f,-0.8629f,-0.4978f,-0.6049f,-0.6212f,-0.4981f,-0.0582f,0f,0f,0f,1f],start_interpolation: 0,interpolation_duration: 1}
$data merge entity $(bone_right_arm) {transformation: [0.3741f,0.9234f,-0.0853f,0.4462f,0.4356f,-0.2562f,-0.8629f,-0.6427f,-0.8187f,0.2857f,-0.4981f,0.0305f,0f,0f,0f,1f],start_interpolation: 0,interpolation_duration: 1}
$data merge entity $(bone_left_arm) {transformation: [0.5288f,0.8444f,-0.0853f,0.086f,0.3845f,-0.3279f,-0.8629f,-0.8125f,-0.7566f,0.4235f,-0.4981f,0.3863f,0f,0f,0f,1f],start_interpolation: 0,interpolation_duration: 1}
execute on vehicle unless entity @s[tag=aj.transforms_only] at @s run function animated_java:hands_weapons_fireextinguisher/animations/hit/zzz/frames/0_root_commands