# This file was generated by Animated Java via MC-Build. It is not recommended to edit this file directly.
$data merge entity $(bone_tube) {transformation: [-0.7323f,0.678f,-0.0637f,-0.539f,0.5372f,0.5177f,-0.6659f,-0.4852f,-0.4185f,-0.5219f,-0.7433f,0.1032f,0f,0f,0f,1f],start_interpolation: 0,interpolation_duration: 1}
$data merge entity $(bone_fire_extinguisher) {transformation: [-0.7323f,0.678f,-0.0637f,-0.539f,0.5372f,0.5177f,-0.6659f,-0.4852f,-0.4185f,-0.5219f,-0.7433f,0.1032f,0f,0f,0f,1f],start_interpolation: 0,interpolation_duration: 1}
$data merge entity $(bone_right_arm) {transformation: [0.305f,0.9502f,-0.0637f,0.4186f,0.6962f,-0.2681f,-0.6659f,-0.5843f,-0.6499f,0.1588f,-0.7433f,0.1099f,0f,0f,0f,1f],start_interpolation: 0,interpolation_duration: 1}
$data merge entity $(bone_left_arm) {transformation: [0.4654f,0.8828f,-0.0637f,0.0879f,0.639f,-0.3849f,-0.6659f,-0.8821f,-0.6124f,0.2692f,-0.7433f,0.405f,0f,0f,0f,1f],start_interpolation: 0,interpolation_duration: 1}