# This file was generated by Animated Java via MC-Build. It is not recommended to edit this file directly.
$data merge entity $(bone_tube) {transformation: [-0.6779f,-0.488f,-0.5498f,-0.3405f,0.3127f,0.4854f,-0.8164f,-0.5934f,0.6653f,-0.7254f,-0.1765f,1.0012f,0f,0f,0f,1f],start_interpolation: 0,interpolation_duration: 1}
$data merge entity $(bone_fire_extinguisher) {transformation: [-0.6779f,-0.488f,-0.5498f,-0.3405f,0.3127f,0.4854f,-0.8164f,-0.5934f,0.6653f,-0.7254f,-0.1765f,1.0012f,0f,0f,0f,1f],start_interpolation: 0,interpolation_duration: 1}
$data merge entity $(bone_right_arm) {transformation: [-0.7288f,0.4082f,-0.5498f,-0.1172f,0.5721f,-0.0783f,-0.8164f,-0.5416f,-0.3763f,-0.9095f,-0.1765f,0.0662f,0f,0f,0f,1f],start_interpolation: 0,interpolation_duration: 1}
$data merge entity $(bone_left_arm) {transformation: [-0.6468f,0.5285f,-0.5498f,0.1706f,0.5498f,-0.1764f,-0.8164f,-0.813f,-0.5285f,-0.8304f,-0.1765f,0.4249f,0f,0f,0f,1f],start_interpolation: 0,interpolation_duration: 1}