# This file was generated by Animated Java via MC-Build. It is not recommended to edit this file directly.
$data merge entity $(bone_tube) {transformation: [-0.6622f,-0.5067f,-0.5521f,-0.3284f,0.3092f,0.4864f,-0.8172f,-0.5955f,0.6826f,-0.7118f,-0.1655f,1.0073f,0f,0f,0f,1f],start_interpolation: 0,interpolation_duration: 1}
$data merge entity $(bone_fire_extinguisher) {transformation: [-0.6622f,-0.5067f,-0.5521f,-0.3284f,0.3092f,0.4864f,-0.8172f,-0.5955f,0.6826f,-0.7118f,-0.1655f,1.0073f,0f,0f,0f,1f],start_interpolation: 0,interpolation_duration: 1}
$data merge entity $(bone_right_arm) {transformation: [-0.739f,0.386f,-0.5521f,-0.1282f,0.5715f,-0.0746f,-0.8172f,-0.5404f,-0.3567f,-0.9195f,-0.1655f,0.0673f,0f,0f,0f,1f],start_interpolation: 0,interpolation_duration: 1}
$data merge entity $(bone_left_arm) {transformation: [-0.6608f,0.5085f,-0.5521f,0.169f,0.5498f,-0.1727f,-0.8172f,-0.8122f,-0.5109f,-0.8436f,-0.1655f,0.4181f,0f,0f,0f,1f],start_interpolation: 0,interpolation_duration: 1}