# This file was generated by Animated Java via MC-Build. It is not recommended to edit this file directly.
$data merge entity $(bone_tube) {transformation: [-0.6642f,-0.5044f,-0.5518f,-0.3299f,0.3096f,0.4863f,-0.8171f,-0.5952f,0.6805f,-0.7135f,-0.1668f,1.0066f,0f,0f,0f,1f],start_interpolation: 0,interpolation_duration: 1}
$data merge entity $(bone_fire_extinguisher) {transformation: [-0.6642f,-0.5044f,-0.5518f,-0.3299f,0.3096f,0.4863f,-0.8171f,-0.5952f,0.6805f,-0.7135f,-0.1668f,1.0066f,0f,0f,0f,1f],start_interpolation: 0,interpolation_duration: 1}
$data merge entity $(bone_right_arm) {transformation: [-0.7378f,0.3888f,-0.5518f,-0.1268f,0.5716f,-0.0751f,-0.8171f,-0.5406f,-0.3591f,-0.9183f,-0.1668f,0.0672f,0f,0f,0f,1f],start_interpolation: 0,interpolation_duration: 1}
$data merge entity $(bone_left_arm) {transformation: [-0.6591f,0.511f,-0.5518f,0.1692f,0.5499f,-0.1732f,-0.8171f,-0.8123f,-0.5131f,-0.842f,-0.1668f,0.4189f,0f,0f,0f,1f],start_interpolation: 0,interpolation_duration: 1}