# This file was generated by Animated Java via MC-Build. It is not recommended to edit this file directly.
$data merge entity $(bone_tube) {transformation: [-0.672f,-0.4951f,-0.5507f,-0.3359f,0.3114f,0.4858f,-0.8167f,-0.5942f,0.6719f,-0.7203f,-0.1723f,1.0036f,0f,0f,0f,1f],start_interpolation: 0,interpolation_duration: 1}
$data merge entity $(bone_fire_extinguisher) {transformation: [-0.672f,-0.4951f,-0.5507f,-0.3359f,0.3114f,0.4858f,-0.8167f,-0.5942f,0.6719f,-0.7203f,-0.1723f,1.0036f,0f,0f,0f,1f],start_interpolation: 0,interpolation_duration: 1}
$data merge entity $(bone_right_arm) {transformation: [-0.7327f,0.3998f,-0.5507f,-0.1214f,0.5719f,-0.0769f,-0.8167f,-0.5412f,-0.3688f,-0.9134f,-0.1723f,0.0666f,0f,0f,0f,1f],start_interpolation: 0,interpolation_duration: 1}
$data merge entity $(bone_left_arm) {transformation: [-0.6522f,0.5209f,-0.5507f,0.17f,0.5499f,-0.175f,-0.8167f,-0.8127f,-0.5219f,-0.8355f,-0.1723f,0.4223f,0f,0f,0f,1f],start_interpolation: 0,interpolation_duration: 1}