# This file was generated by Animated Java via MC-Build. It is not recommended to edit this file directly.
$data merge entity $(bone_tube) {transformation: [-0.677f,-0.4891f,-0.55f,-0.3398f,0.3125f,0.4855f,-0.8165f,-0.5935f,0.6663f,-0.7246f,-0.1758f,1.0016f,0f,0f,0f,1f],start_interpolation: 0,interpolation_duration: 1}
$data merge entity $(bone_fire_extinguisher) {transformation: [-0.677f,-0.4891f,-0.55f,-0.3398f,0.3125f,0.4855f,-0.8165f,-0.5935f,0.6663f,-0.7246f,-0.1758f,1.0016f,0f,0f,0f,1f],start_interpolation: 0,interpolation_duration: 1}
$data merge entity $(bone_right_arm) {transformation: [-0.7294f,0.4069f,-0.55f,-0.1179f,0.5721f,-0.0781f,-0.8165f,-0.5416f,-0.3752f,-0.9101f,-0.1758f,0.0662f,0f,0f,0f,1f],start_interpolation: 0,interpolation_duration: 1}
$data merge entity $(bone_left_arm) {transformation: [-0.6476f,0.5274f,-0.55f,0.1705f,0.5498f,-0.1762f,-0.8165f,-0.813f,-0.5275f,-0.8312f,-0.1758f,0.4245f,0f,0f,0f,1f],start_interpolation: 0,interpolation_duration: 1}