# This file was generated by Animated Java via MC-Build. It is not recommended to edit this file directly.
$data merge entity $(bone_tube) {transformation: [-0.627f,-0.5645f,-0.5369f,-0.28f,0.293f,0.4678f,-0.8339f,-0.6186f,0.7219f,-0.6801f,-0.1279f,0.9708f,0f,0f,0f,1f],start_interpolation: 0,interpolation_duration: 1}
$data merge entity $(bone_fire_extinguisher) {transformation: [-0.627f,-0.5645f,-0.5369f,-0.28f,0.293f,0.4678f,-0.8339f,-0.6186f,0.7219f,-0.6801f,-0.1279f,0.9708f,0f,0f,0f,1f],start_interpolation: 0,interpolation_duration: 1}
$data merge entity $(bone_right_arm) {transformation: [-0.7765f,0.3297f,-0.5369f,-0.1408f,0.5478f,-0.0679f,-0.8339f,-0.5624f,-0.3113f,-0.9417f,-0.1279f,0.0199f,0f,0f,0f,1f],start_interpolation: 0,interpolation_duration: 1}
$data merge entity $(bone_left_arm) {transformation: [-0.7075f,0.4595f,-0.5369f,0.1857f,0.5277f,-0.1619f,-0.8339f,-0.8236f,-0.4701f,-0.8733f,-0.1279f,0.3521f,0f,0f,0f,1f],start_interpolation: 0,interpolation_duration: 1}