# This file was generated by Animated Java via MC-Build. It is not recommended to edit this file directly.
$data merge entity $(bone_tube) {transformation: [-0.5712f,-0.6368f,-0.5179f,-0.218f,0.277f,0.4444f,-0.8519f,-0.6407f,0.7726f,-0.6301f,-0.0774f,0.9363f,0f,0f,0f,1f],start_interpolation: 0,interpolation_duration: 1}
$data merge entity $(bone_fire_extinguisher) {transformation: [-0.5712f,-0.6368f,-0.5179f,-0.218f,0.277f,0.4444f,-0.8519f,-0.6407f,0.7726f,-0.6301f,-0.0774f,0.9363f,0f,0f,0f,1f],start_interpolation: 0,interpolation_duration: 1}
$data merge entity $(bone_right_arm) {transformation: [-0.8185f,0.2486f,-0.5179f,-0.164f,0.5199f,-0.0633f,-0.8519f,-0.5863f,-0.2445f,-0.9665f,-0.0774f,-0.0233f,0f,0f,0f,1f],start_interpolation: 0,interpolation_duration: 1}
$data merge entity $(bone_left_arm) {transformation: [-0.7629f,0.3869f,-0.5179f,0.1987f,0.501f,-0.1526f,-0.8519f,-0.8343f,-0.4087f,-0.9094f,-0.0774f,0.2802f,0f,0f,0f,1f],start_interpolation: 0,interpolation_duration: 1}