# This file was generated by Animated Java via MC-Build. It is not recommended to edit this file directly.
$data merge entity $(bone_tube) {transformation: [-0.5114f,-0.7041f,-0.4926f,-0.155f,0.2654f,0.4158f,-0.8699f,-0.6594f,0.8173f,-0.5756f,-0.0257f,0.8977f,0f,0f,0f,1f],start_interpolation: 0,interpolation_duration: 1}
$data merge entity $(bone_fire_extinguisher) {transformation: [-0.5114f,-0.7041f,-0.4926f,-0.155f,0.2654f,0.4158f,-0.8699f,-0.6594f,0.8173f,-0.5756f,-0.0257f,0.8977f,0f,0f,0f,1f],start_interpolation: 0,interpolation_duration: 1}
$data merge entity $(bone_right_arm) {transformation: [-0.8543f,0.1659f,-0.4926f,-0.1863f,0.489f,-0.0648f,-0.8699f,-0.6132f,-0.1762f,-0.984f,-0.0257f,-0.0633f,0f,0f,0f,1f],start_interpolation: 0,interpolation_duration: 1}
$data merge entity $(bone_left_arm) {transformation: [-0.8125f,0.3117f,-0.4926f,0.2097f,0.4703f,-0.1488f,-0.8699f,-0.8455f,-0.3444f,-0.9385f,-0.0257f,0.2093f,0f,0f,0f,1f],start_interpolation: 0,interpolation_duration: 1}