# This file was generated by Animated Java via MC-Build. It is not recommended to edit this file directly.
$data merge entity $(bone_tube) {transformation: [-0.4484f,-0.7659f,-0.4608f,-0.0915f,0.2586f,0.3824f,-0.8871f,-0.6746f,0.8556f,-0.5169f,0.0266f,0.8549f,0f,0f,0f,1f],start_interpolation: 0,interpolation_duration: 1}
$data merge entity $(bone_fire_extinguisher) {transformation: [-0.4484f,-0.7659f,-0.4608f,-0.0915f,0.2586f,0.3824f,-0.8871f,-0.6746f,0.8556f,-0.5169f,0.0266f,0.8549f,0f,0f,0f,1f],start_interpolation: 0,interpolation_duration: 1}
$data merge entity $(bone_right_arm) {transformation: [-0.8836f,0.0827f,-0.4608f,-0.2073f,0.4558f,-0.0728f,-0.8871f,-0.6432f,-0.1069f,-0.9939f,0.0266f,-0.1003f,0f,0f,0f,1f],start_interpolation: 0,interpolation_duration: 1}
$data merge entity $(bone_left_arm) {transformation: [-0.8558f,0.2349f,-0.4608f,0.219f,0.4363f,-0.1508f,-0.8871f,-0.8574f,-0.2779f,-0.9603f,0.0266f,0.1395f,0f,0f,0f,1f],start_interpolation: 0,interpolation_duration: 1}