# This file was generated by Animated Java via MC-Build. It is not recommended to edit this file directly.
$data merge entity $(bone_tube) {transformation: [-0.8799f,0.0673f,-0.4704f,-0.5033f,0.3988f,0.643f,-0.6539f,-0.5837f,0.2584f,-0.7629f,-0.5926f,0.5802f,0f,0f,0f,1f],start_interpolation: 0,interpolation_duration: 1}
$data merge entity $(bone_fire_extinguisher) {transformation: [-0.8799f,0.0673f,-0.4704f,-0.5033f,0.3988f,0.643f,-0.6539f,-0.5837f,0.2584f,-0.7629f,-0.5926f,0.5802f,0f,0f,0f,1f],start_interpolation: 0,interpolation_duration: 1}
$data merge entity $(bone_right_arm) {transformation: [-0.3109f,0.8259f,-0.4704f,0.2029f,0.7512f,-0.0897f,-0.6539f,-0.5034f,-0.5822f,-0.5567f,-0.5926f,-0.069f,0f,0f,0f,1f],start_interpolation: 0,interpolation_duration: 1}
$data merge entity $(bone_left_arm) {transformation: [-0.1627f,0.8673f,-0.4704f,0.2035f,0.7243f,-0.2188f,-0.6539f,-0.8622f,-0.6701f,-0.4471f,-0.5926f,0.3265f,0f,0f,0f,1f],start_interpolation: 0,interpolation_duration: 1}
execute on vehicle unless entity @s[tag=aj.transforms_only] at @s run function animated_java:hands_weapons_fireextinguisher/animations/hit/zzz/frames/2_root_commands