# This file was generated by Animated Java via MC-Build. It is not recommended to edit this file directly.
$data merge entity $(bone_tube) {transformation: [-0.8674f,-0.2194f,-0.4466f,-0.4595f,0.3632f,0.3342f,-0.8697f,-0.5352f,0.3401f,-0.9166f,-0.2102f,0.7175f,0f,0f,0f,1f],start_interpolation: 0,interpolation_duration: 1}
$data merge entity $(bone_fire_extinguisher) {transformation: [-0.8674f,-0.2194f,-0.4466f,-0.4595f,0.3632f,0.3342f,-0.8697f,-0.5352f,0.3401f,-0.9166f,-0.2102f,0.7175f,0f,0f,0f,1f],start_interpolation: 0,interpolation_duration: 1}
$data merge entity $(bone_right_arm) {transformation: [-0.5655f,0.6934f,-0.4466f,0.0668f,0.4564f,-0.1879f,-0.8697f,-0.6116f,-0.687f,-0.6956f,-0.2102f,-0.0849f,0f,0f,0f,1f],start_interpolation: 0,interpolation_duration: 1}
$data merge entity $(bone_left_arm) {transformation: [-0.4365f,0.7811f,-0.4466f,0.2196f,0.4168f,-0.2643f,-0.8697f,-0.8045f,-0.7974f,-0.5657f,-0.2102f,0.3891f,0f,0f,0f,1f],start_interpolation: 0,interpolation_duration: 1}