# This file was generated by Animated Java via MC-Build. It is not recommended to edit this file directly.
$data merge entity $(bone_tube) {transformation: [-0.8647f,-0.1841f,-0.4674f,-0.4832f,0.3662f,0.4059f,-0.8373f,-0.5487f,0.3439f,-0.8952f,-0.2836f,0.7925f,0f,0f,0f,1f],start_interpolation: 0,interpolation_duration: 1}
$data merge entity $(bone_fire_extinguisher) {transformation: [-0.8647f,-0.1841f,-0.4674f,-0.4832f,0.3662f,0.4059f,-0.8373f,-0.5487f,0.3439f,-0.8952f,-0.2836f,0.7925f,0f,0f,0f,1f],start_interpolation: 0,interpolation_duration: 1}
$data merge entity $(bone_right_arm) {transformation: [-0.5322f,0.7059f,-0.4674f,0.0621f,0.5227f,-0.1603f,-0.8373f,-0.5847f,-0.666f,-0.69f,-0.2836f,0f,0f,0f,0f,1f],start_interpolation: 0,interpolation_duration: 1}
$data merge entity $(bone_left_arm) {transformation: [-0.4016f,0.7876f,-0.4674f,0.1959f,0.4869f,-0.2487f,-0.8373f,-0.816f,-0.7757f,-0.5638f,-0.2836f,0.4623f,0f,0f,0f,1f],start_interpolation: 0,interpolation_duration: 1}