# This file was generated by Animated Java via MC-Build. It is not recommended to edit this file directly.
$data merge entity $(bone_tube) {transformation: [-0.8644f,-0.1585f,-0.4771f,-0.5066f,0.3682f,0.4465f,-0.8155f,-0.5563f,0.3423f,-0.8806f,-0.3276f,0.8651f,0f,0f,0f,1f],start_interpolation: 0,interpolation_duration: 1}
$data merge entity $(bone_fire_extinguisher) {transformation: [-0.8644f,-0.1585f,-0.4771f,-0.5066f,0.3682f,0.4465f,-0.8155f,-0.5563f,0.3423f,-0.8806f,-0.3276f,0.8651f,0f,0f,0f,1f],start_interpolation: 0,interpolation_duration: 1}
$data merge entity $(bone_right_arm) {transformation: [-0.509f,0.7165f,-0.4771f,0.0538f,0.5603f,-0.145f,-0.8155f,-0.5697f,-0.6534f,-0.6824f,-0.3276f,0.0824f,0f,0f,0f,1f],start_interpolation: 0,interpolation_duration: 1}
$data merge entity $(bone_left_arm) {transformation: [-0.3768f,0.794f,-0.4771f,0.1739f,0.5266f,-0.2401f,-0.8155f,-0.8227f,-0.762f,-0.5586f,-0.3276f,0.5371f,0f,0f,0f,1f],start_interpolation: 0,interpolation_duration: 1}