# This file was generated by Animated Java via MC-Build. It is not recommended to edit this file directly.
$data merge entity $(bone_tube) {transformation: [-0.8538f,-0.1878f,-0.4855f,-0.4949f,0.364f,0.4515f,-0.8147f,-0.5596f,0.3722f,-0.8723f,-0.3171f,0.879f,0f,0f,0f,1f],start_interpolation: 0,interpolation_duration: 1}
$data merge entity $(bone_fire_extinguisher) {transformation: [-0.8538f,-0.1878f,-0.4855f,-0.4949f,0.364f,0.4515f,-0.8147f,-0.5596f,0.3722f,-0.8723f,-0.3171f,0.879f,0f,0f,0f,1f],start_interpolation: 0,interpolation_duration: 1}
$data merge entity $(bone_right_arm) {transformation: [-0.531f,0.6945f,-0.4855f,0.04f,0.563f,-0.1391f,-0.8147f,-0.5668f,-0.6333f,-0.7059f,-0.3171f,0.0786f,0f,0f,0f,1f],start_interpolation: 0,interpolation_duration: 1}
$data merge entity $(bone_left_arm) {transformation: [-0.4023f,0.7761f,-0.4855f,0.1753f,0.5303f,-0.2348f,-0.8147f,-0.8222f,-0.7463f,-0.5853f,-0.3171f,0.5276f,0f,0f,0f,1f],start_interpolation: 0,interpolation_duration: 1}