# This file was generated by Animated Java via MC-Build. It is not recommended to edit this file directly.
$data merge entity $(bone_tube) {transformation: [-0.8213f,-0.2637f,-0.5059f,-0.4621f,0.3524f,0.463f,-0.8133f,-0.5681f,0.4487f,-0.8462f,-0.2873f,0.9135f,0f,0f,0f,1f],start_interpolation: 0,interpolation_duration: 1}
$data merge entity $(bone_fire_extinguisher) {transformation: [-0.8213f,-0.2637f,-0.5059f,-0.4621f,0.3524f,0.463f,-0.8133f,-0.5681f,0.4487f,-0.8462f,-0.2873f,0.9135f,0f,0f,0f,1f],start_interpolation: 0,interpolation_duration: 1}
$data merge entity $(bone_right_arm) {transformation: [-0.5861f,0.6329f,-0.5059f,0.003f,0.5685f,-0.1237f,-0.8133f,-0.5596f,-0.5773f,-0.7643f,-0.2873f,0.0707f,0f,0f,0f,1f],start_interpolation: 0,interpolation_duration: 1}
$data merge entity $(bone_left_arm) {transformation: [-0.4673f,0.725f,-0.5059f,0.1774f,0.5384f,-0.2205f,-0.8133f,-0.8207f,-0.7012f,-0.6525f,-0.2873f,0.5026f,0f,0f,0f,1f],start_interpolation: 0,interpolation_duration: 1}