# This file was generated by Animated Java via MC-Build. It is not recommended to edit this file directly.
$data merge entity $(bone_tube) {transformation: [-0.7707f,-0.3573f,-0.5276f,-0.4161f,0.3367f,0.4746f,-0.8133f,-0.5787f,0.541f,-0.8044f,-0.2455f,0.9529f,0f,0f,0f,1f],start_interpolation: 0,interpolation_duration: 1}
$data merge entity $(bone_fire_extinguisher) {transformation: [-0.7707f,-0.3573f,-0.5276f,-0.4161f,0.3367f,0.4746f,-0.8133f,-0.5787f,0.541f,-0.8044f,-0.2455f,0.9529f,0f,0f,0f,1f],start_interpolation: 0,interpolation_duration: 1}
$data merge entity $(bone_right_arm) {transformation: [-0.6496f,0.5475f,-0.5276f,-0.045f,0.5724f,-0.1045f,-0.8133f,-0.5515f,-0.5004f,-0.8303f,-0.2455f,0.0651f,0f,0f,0f,1f],start_interpolation: 0,interpolation_duration: 1}
$data merge entity $(bone_left_arm) {transformation: [-0.5446f,0.6519f,-0.5276f,0.1772f,0.5456f,-0.2024f,-0.8133f,-0.8181f,-0.637f,-0.7308f,-0.2455f,0.471f,0f,0f,0f,1f],start_interpolation: 0,interpolation_duration: 1}