# This file was generated by Animated Java via MC-Build. It is not recommended to edit this file directly.
$data merge entity $(bone_tube) {transformation: [-0.7168f,-0.4379f,-0.5426f,-0.3712f,0.3222f,0.4821f,-0.8147f,-0.5878f,0.6184f,-0.7588f,-0.2045f,0.9837f,0f,0f,0f,1f],start_interpolation: 0,interpolation_duration: 1}
$data merge entity $(bone_fire_extinguisher) {transformation: [-0.7168f,-0.4379f,-0.5426f,-0.3712f,0.3222f,0.4821f,-0.8147f,-0.5878f,0.6184f,-0.7588f,-0.2045f,0.9837f,0f,0f,0f,1f],start_interpolation: 0,interpolation_duration: 1}
$data merge entity $(bone_right_arm) {transformation: [-0.6998f,0.4646f,-0.5426f,-0.0887f,0.5731f,-0.0882f,-0.8147f,-0.5451f,-0.4264f,-0.8811f,-0.2045f,0.0644f,0f,0f,0f,1f],start_interpolation: 0,interpolation_duration: 1}
$data merge entity $(bone_left_arm) {transformation: [-0.6085f,0.5791f,-0.5426f,0.1741f,0.549f,-0.1864f,-0.8147f,-0.8151f,-0.5729f,-0.7937f,-0.2045f,0.4428f,0f,0f,0f,1f],start_interpolation: 0,interpolation_duration: 1}