# This file was generated by Animated Java via MC-Build. It is not recommended to edit this file directly.
$data merge entity $(bone_right_arm_hazmat) {transformation: [-0.9065f,-0.1226f,0.4041f,-0.1985f,0.0801f,0.8897f,0.4494f,-0.4581f,-0.4146f,0.4397f,-0.7967f,-0.1662f,0f,0f,0f,1f],start_interpolation: 0,interpolation_duration: 1}
$data merge entity $(bone_left_arm_hazmat) {transformation: [-0.9065f,0.1569f,0.3921f,0.1701f,-0.0068f,0.9228f,-0.3851f,-0.4418f,-0.4222f,-0.3518f,-0.8354f,0.0067f,0f,0f,0f,1f],start_interpolation: 0,interpolation_duration: 1}
$data merge entity $(bone_player_head) {transformation: [-0.9073f,0f,0.4204f,0f,0.0366f,0.9962f,0.0791f,0.0632f,-0.4188f,0.0872f,-0.9039f,-0.0282f,0f,0f,0f,1f],start_interpolation: 0,interpolation_duration: 1}
$data merge entity $(bone_head) {transformation: [-0.9073f,0f,0.4204f,0f,0.0366f,0.9962f,0.0791f,-0.4661f,-0.4188f,0.0872f,-0.9039f,-0.0745f,0f,0f,0f,1f],start_interpolation: 0,interpolation_duration: 1}
$data merge entity $(bone_body) {transformation: [-0.9073f,0f,0.4204f,0f,0.0366f,0.9962f,0.0791f,-1.1821f,-0.4188f,0.0872f,-0.9039f,-0.1372f,0f,0f,0f,1f],start_interpolation: 0,interpolation_duration: 1}
$data merge entity $(bone_right_leg_hazmat) {transformation: [-0.999f,0.0388f,-0.02f,-0.125f,0.0435f,0.9249f,-0.3778f,-1.151f,0.0038f,-0.3783f,-0.9257f,-0.1345f,0f,0f,0f,1f],start_interpolation: 0,interpolation_duration: 1}
$data merge entity $(bone_left_leg_hazmat) {transformation: [-0.999f,-0.0411f,-0.0147f,0.125f,-0.0435f,0.9072f,0.4185f,-1.151f,-0.0038f,0.4188f,-0.9081f,-0.1345f,0f,0f,0f,1f],start_interpolation: 0,interpolation_duration: 1}