# This file was generated by Animated Java via MC-Build. It is not recommended to edit this file directly.
$data merge entity $(bone_right_arm_hazmat) {transformation: [-0.9981f,0.0185f,-0.0588f,-0.2185f,0.0397f,0.9231f,-0.3824f,-0.4731f,0.0472f,-0.384f,-0.9221f,-0.065f,0f,0f,0f,1f],start_interpolation: 0,interpolation_duration: 1}
$data merge entity $(bone_left_arm_hazmat) {transformation: [-0.9981f,-0.0107f,-0.0607f,0.1873f,-0.0473f,0.7652f,0.6421f,-0.4405f,0.0396f,0.6437f,-0.7642f,-0.08f,0f,0f,0f,1f],start_interpolation: 0,interpolation_duration: 1}
$data merge entity $(bone_player_head) {transformation: [-0.999f,0f,-0.0436f,0f,-0.0038f,0.9962f,0.0871f,0.0569f,0.0435f,0.0872f,-0.9952f,-0.0282f,0f,0f,0f,1f],start_interpolation: 0,interpolation_duration: 1}
$data merge entity $(bone_head) {transformation: [-0.999f,0f,-0.0436f,0f,-0.0038f,0.9962f,0.0871f,-0.4723f,0.0435f,0.0872f,-0.9952f,-0.0745f,0f,0f,0f,1f],start_interpolation: 0,interpolation_duration: 1}
$data merge entity $(bone_body) {transformation: [-0.999f,0f,-0.0436f,0f,-0.0038f,0.9962f,0.0871f,-1.1883f,0.0435f,0.0872f,-0.9952f,-0.1372f,0f,0f,0f,1f],start_interpolation: 0,interpolation_duration: 1}
$data merge entity $(bone_right_leg_hazmat) {transformation: [-0.999f,0.0387f,0.0201f,-0.125f,0.0435f,0.8426f,0.5369f,-1.1572f,0.0038f,0.5372f,-0.8434f,-0.1345f,0f,0f,0f,1f],start_interpolation: 0,interpolation_duration: 1}
$data merge entity $(bone_left_leg_hazmat) {transformation: [-0.999f,-0.0387f,0.0201f,0.125f,-0.0435f,0.923f,-0.3822f,-1.1572f,-0.0038f,-0.3828f,-0.9238f,-0.1345f,0f,0f,0f,1f],start_interpolation: 0,interpolation_duration: 1}
execute on vehicle unless entity @s[tag=aj.transforms_only] at @s run function animated_java:player_hazmat/animations/walk_loop/zzz/frames/10_root_function