# This file was generated by Animated Java via MC-Build. It is not recommended to edit this file directly.
$data merge entity $(bone_right_arm_hazmat) {transformation: [-0.9982f,0.0199f,-0.0566f,-0.2186f,0.0399f,0.9248f,-0.3783f,-0.4669f,0.0448f,-0.3799f,-0.9239f,-0.0656f,0f,0f,0f,1f],start_interpolation: 0,interpolation_duration: 1}
$data merge entity $(bone_left_arm_hazmat) {transformation: [-0.9982f,-0.0124f,-0.0587f,0.1873f,-0.047f,0.7687f,0.6379f,-0.4343f,0.0372f,0.6395f,-0.7679f,-0.0795f,0f,0f,0f,1f],start_interpolation: 0,interpolation_duration: 1}
$data merge entity $(bone_head) {transformation: [-1f,0f,0f,0f,0f,0.9962f,0.0872f,-0.4972f,0f,0.0872f,-0.9962f,-0.0773f,0f,0f,0f,1f],start_interpolation: 0,interpolation_duration: 1}
$data merge entity $(bone_body) {transformation: [-0.9992f,0f,-0.0412f,0f,-0.0036f,0.9962f,0.0871f,-1.1821f,0.0411f,0.0872f,-0.9953f,-0.1372f,0f,0f,0f,1f],start_interpolation: 0,interpolation_duration: 1}
$data merge entity $(bone_right_leg_hazmat) {transformation: [-0.999f,0.0388f,0.02f,-0.125f,0.0435f,0.8451f,0.5328f,-1.151f,0.0038f,0.5332f,-0.846f,-0.1345f,0f,0f,0f,1f],start_interpolation: 0,interpolation_duration: 1}
$data merge entity $(bone_left_leg_hazmat) {transformation: [-0.999f,-0.0402f,0.0169f,0.125f,-0.0435f,0.9515f,-0.3045f,-1.151f,-0.0038f,-0.3049f,-0.9524f,-0.1345f,0f,0f,0f,1f],start_interpolation: 0,interpolation_duration: 1}