# This file was generated by Animated Java via MC-Build. It is not recommended to edit this file directly.
$data merge entity $(bone_right_arm_hazmat) {transformation: [-0.9985f,0.0239f,-0.0498f,-0.2186f,0.0405f,0.9297f,-0.366f,-0.4605f,0.0376f,-0.3675f,-0.9293f,-0.0671f,0f,0f,0f,1f],start_interpolation: 0,interpolation_duration: 1}
$data merge entity $(bone_left_arm_hazmat) {transformation: [-0.9985f,-0.0174f,-0.0524f,0.1874f,-0.0464f,0.7792f,0.6251f,-0.4281f,0.03f,0.6266f,-0.7788f,-0.0782f,0f,0f,0f,1f],start_interpolation: 0,interpolation_duration: 1}
$data merge entity $(bone_player_head) {transformation: [-0.9994f,0f,-0.0339f,0f,-0.003f,0.9962f,0.0871f,0.0694f,0.0338f,0.0872f,-0.9956f,-0.0282f,0f,0f,0f,1f],start_interpolation: 0,interpolation_duration: 1}
$data merge entity $(bone_head) {transformation: [-0.9994f,0f,-0.0339f,0f,-0.003f,0.9962f,0.0871f,-0.4598f,0.0338f,0.0872f,-0.9956f,-0.0745f,0f,0f,0f,1f],start_interpolation: 0,interpolation_duration: 1}
$data merge entity $(bone_body) {transformation: [-0.9994f,0f,-0.0339f,0f,-0.003f,0.9962f,0.0871f,-1.1758f,0.0338f,0.0872f,-0.9956f,-0.1372f,0f,0f,0f,1f],start_interpolation: 0,interpolation_duration: 1}
$data merge entity $(bone_right_leg_hazmat) {transformation: [-0.999f,0.0391f,0.0194f,-0.125f,0.0435f,0.8528f,0.5204f,-1.1447f,0.0038f,0.5208f,-0.8537f,-0.1345f,0f,0f,0f,1f],start_interpolation: 0,interpolation_duration: 1}
$data merge entity $(bone_left_leg_hazmat) {transformation: [-0.999f,-0.0415f,0.0135f,0.125f,-0.0435f,0.9735f,-0.2247f,-1.1447f,-0.0038f,-0.225f,-0.9743f,-0.1345f,0f,0f,0f,1f],start_interpolation: 0,interpolation_duration: 1}