# This file was generated by Animated Java via MC-Build. It is not recommended to edit this file directly.
$data merge entity $(bone_right_arm_hazmat) {transformation: [-0.9988f,0.0303f,-0.038f,-0.2187f,0.0416f,0.9377f,-0.3449f,-0.454f,0.0252f,-0.3461f,-0.9379f,-0.0699f,0f,0f,0f,1f],start_interpolation: 0,interpolation_duration: 1}
$data merge entity $(bone_left_arm_hazmat) {transformation: [-0.9988f,-0.0255f,-0.0414f,0.1875f,-0.0453f,0.7965f,0.6029f,-0.4221f,0.0176f,0.6041f,-0.7967f,-0.0758f,0f,0f,0f,1f],start_interpolation: 0,interpolation_duration: 1}
$data merge entity $(bone_player_head) {transformation: [-0.9998f,0f,-0.0215f,0f,-0.0019f,0.9962f,0.0871f,0.0757f,0.0214f,0.0872f,-0.996f,-0.0282f,0f,0f,0f,1f],start_interpolation: 0,interpolation_duration: 1}
$data merge entity $(bone_head) {transformation: [-0.9998f,0f,-0.0215f,0f,-0.0019f,0.9962f,0.0871f,-0.4536f,0.0214f,0.0872f,-0.996f,-0.0745f,0f,0f,0f,1f],start_interpolation: 0,interpolation_duration: 1}
$data merge entity $(bone_body) {transformation: [-0.9998f,0f,-0.0215f,0f,-0.0019f,0.9962f,0.0871f,-1.1696f,0.0214f,0.0872f,-0.996f,-0.1372f,0f,0f,0f,1f],start_interpolation: 0,interpolation_duration: 1}
$data merge entity $(bone_right_leg_hazmat) {transformation: [-0.999f,0.0395f,0.0184f,-0.125f,0.0435f,0.8655f,0.4991f,-1.1385f,0.0038f,0.4994f,-0.8664f,-0.1345f,0f,0f,0f,1f],start_interpolation: 0,interpolation_duration: 1}
$data merge entity $(bone_left_leg_hazmat) {transformation: [-0.999f,-0.0425f,0.01f,0.125f,-0.0435f,0.9887f,-0.1433f,-1.1385f,-0.0038f,-0.1436f,-0.9896f,-0.1345f,0f,0f,0f,1f],start_interpolation: 0,interpolation_duration: 1}