# This file was generated by Animated Java via MC-Build. It is not recommended to edit this file directly.
$data merge entity $(bone_right_arm_hazmat) {transformation: [-0.999f,0.0386f,-0.0205f,-0.2187f,0.0431f,0.9484f,-0.314f,-0.4474f,0.0073f,-0.3146f,-0.9492f,-0.0738f,0f,0f,0f,1f],start_interpolation: 0,interpolation_duration: 1}
$data merge entity $(bone_left_arm_hazmat) {transformation: [-0.999f,-0.0361f,-0.0248f,0.1875f,-0.0438f,0.8205f,0.57f,-0.4161f,-0.0003f,0.5705f,-0.8213f,-0.0725f,0f,0f,0f,1f],start_interpolation: 0,interpolation_duration: 1}
$data merge entity $(bone_head) {transformation: [-1f,0f,0f,0f,0f,0.9962f,0.0872f,-0.4784f,0f,0.0872f,-0.9962f,-0.0773f,0f,0f,0f,1f],start_interpolation: 0,interpolation_duration: 1}
$data merge entity $(bone_body) {transformation: [-1f,0f,-0.0036f,0f,-0.0003f,0.9962f,0.0872f,-1.1633f,0.0035f,0.0872f,-0.9962f,-0.1372f,0f,0f,0f,1f],start_interpolation: 0,interpolation_duration: 1}
$data merge entity $(bone_right_leg_hazmat) {transformation: [-0.999f,0.0402f,0.017f,-0.125f,0.0435f,0.8828f,0.4677f,-1.1322f,0.0038f,0.468f,-0.8837f,-0.1345f,0f,0f,0f,1f],start_interpolation: 0,interpolation_duration: 1}
$data merge entity $(bone_left_leg_hazmat) {transformation: [-0.999f,-0.0431f,0.0064f,0.125f,-0.0435f,0.9972f,-0.0609f,-1.1322f,-0.0038f,-0.0611f,-0.9981f,-0.1345f,0f,0f,0f,1f],start_interpolation: 0,interpolation_duration: 1}