# This file was generated by Animated Java via MC-Build. It is not recommended to edit this file directly.
$data merge entity $(bone_right_arm_hazmat) {transformation: [-0.9988f,0.0481f,0.0038f,-0.2187f,0.0453f,0.9612f,-0.272f,-0.4407f,-0.0168f,-0.2715f,-0.9623f,-0.079f,0f,0f,0f,1f],start_interpolation: 0,interpolation_duration: 1}
$data merge entity $(bone_left_arm_hazmat) {transformation: [-0.9988f,-0.0482f,-0.0011f,0.1875f,-0.0417f,0.8507f,0.524f,-0.4103f,-0.0244f,0.5234f,-0.8517f,-0.068f,0f,0f,0f,1f],start_interpolation: 0,interpolation_duration: 1}
$data merge entity $(bone_player_head) {transformation: [-0.9998f,0f,0.0207f,0f,0.0018f,0.9962f,0.0871f,0.0882f,-0.0206f,0.0872f,-0.996f,-0.0282f,0f,0f,0f,1f],start_interpolation: 0,interpolation_duration: 1}
$data merge entity $(bone_head) {transformation: [-0.9998f,0f,0.0207f,0f,0.0018f,0.9962f,0.0871f,-0.4411f,-0.0206f,0.0872f,-0.996f,-0.0745f,0f,0f,0f,1f],start_interpolation: 0,interpolation_duration: 1}
$data merge entity $(bone_body) {transformation: [-0.9998f,0f,0.0207f,0f,0.0018f,0.9962f,0.0871f,-1.1571f,-0.0206f,0.0872f,-0.996f,-0.1372f,0f,0f,0f,1f],start_interpolation: 0,interpolation_duration: 1}
$data merge entity $(bone_right_leg_hazmat) {transformation: [-0.999f,0.041f,0.015f,-0.125f,0.0435f,0.9044f,0.4244f,-1.126f,0.0038f,0.4246f,-0.9054f,-0.1345f,0f,0f,0f,1f],start_interpolation: 0,interpolation_duration: 1}
$data merge entity $(bone_left_leg_hazmat) {transformation: [-0.999f,-0.0435f,0.0029f,0.125f,-0.0435f,0.9988f,0.0219f,-1.126f,-0.0038f,0.0217f,-0.9998f,-0.1345f,0f,0f,0f,1f],start_interpolation: 0,interpolation_duration: 1}