# This file was generated by Animated Java via MC-Build. It is not recommended to edit this file directly.
$data merge entity $(bone_right_arm_hazmat) {transformation: [-0.9977f,0.0573f,0.0368f,-0.2185f,0.048f,0.9752f,-0.2162f,-0.4407f,-0.0483f,-0.2139f,-0.9757f,-0.0859f,0f,0f,0f,1f],start_interpolation: 0,interpolation_duration: 1}
$data merge entity $(bone_left_arm_hazmat) {transformation: [-0.9977f,-0.0603f,0.0317f,0.1872f,-0.0389f,0.8864f,0.4614f,-0.4114f,-0.0559f,0.459f,-0.8867f,-0.062f,0f,0f,0f,1f],start_interpolation: 0,interpolation_duration: 1}
$data merge entity $(bone_head) {transformation: [-1f,0f,0f,0f,0f,0.9962f,0.0872f,-0.4728f,0f,0.0872f,-0.9962f,-0.0773f,0f,0f,0f,1f],start_interpolation: 0,interpolation_duration: 1}
$data merge entity $(bone_body) {transformation: [-0.9986f,0f,0.0523f,0f,0.0046f,0.9962f,0.087f,-1.1577f,-0.0521f,0.0872f,-0.9948f,-0.1372f,0f,0f,0f,1f],start_interpolation: 0,interpolation_duration: 1}
$data merge entity $(bone_right_leg_hazmat) {transformation: [-0.999f,0.0418f,0.0124f,-0.125f,0.0435f,0.9295f,0.3662f,-1.1266f,0.0038f,0.3664f,-0.9304f,-0.1345f,0f,0f,0f,1f],start_interpolation: 0,interpolation_duration: 1}
$data merge entity $(bone_left_leg_hazmat) {transformation: [-0.999f,-0.0436f,-0.0008f,0.125f,-0.0435f,0.9936f,0.1045f,-1.1266f,-0.0038f,0.1044f,-0.9945f,-0.1345f,0f,0f,0f,1f],start_interpolation: 0,interpolation_duration: 1}