# This file was generated by Animated Java via MC-Build. It is not recommended to edit this file directly.
$data merge entity $(bone_right_arm_hazmat) {transformation: [-0.9947f,0.0636f,0.081f,-0.2178f,0.0516f,0.9884f,-0.1428f,-0.4419f,-0.0892f,-0.1379f,-0.9864f,-0.0949f,0f,0f,0f,1f],start_interpolation: 0,interpolation_duration: 1}
$data merge entity $(bone_left_arm_hazmat) {transformation: [-0.9947f,-0.069f,0.0765f,0.1867f,-0.0353f,0.9259f,0.3762f,-0.4141f,-0.0968f,0.3715f,-0.9234f,-0.0544f,0f,0f,0f,1f],start_interpolation: 0,interpolation_duration: 1}
$data merge entity $(bone_head) {transformation: [-1f,0f,0f,0f,0f,0.9962f,0.0872f,-0.4748f,0f,0.0872f,-0.9962f,-0.0773f,0f,0f,0f,1f],start_interpolation: 0,interpolation_duration: 1}
$data merge entity $(bone_body) {transformation: [-0.9956f,0f,0.0934f,0f,0.0081f,0.9962f,0.0868f,-1.1597f,-0.0931f,0.0872f,-0.9918f,-0.1372f,0f,0f,0f,1f],start_interpolation: 0,interpolation_duration: 1}
$data merge entity $(bone_right_leg_hazmat) {transformation: [-0.999f,0.0427f,0.0089f,-0.125f,0.0435f,0.9565f,0.2885f,-1.1286f,0.0038f,0.2886f,-0.9574f,-0.1345f,0f,0f,0f,1f],start_interpolation: 0,interpolation_duration: 1}
$data merge entity $(bone_left_leg_hazmat) {transformation: [-0.999f,-0.0434f,-0.0044f,0.125f,-0.0435f,0.9815f,0.1864f,-1.1286f,-0.0038f,0.1864f,-0.9825f,-0.1345f,0f,0f,0f,1f],start_interpolation: 0,interpolation_duration: 1}