# This file was generated by Animated Java via MC-Build. It is not recommended to edit this file directly.
$data merge entity $(bone_right_arm_hazmat) {transformation: [-0.9881f,0.0621f,0.1409f,-0.2163f,0.0563f,0.9974f,-0.0444f,-0.4445f,-0.1433f,-0.0359f,-0.989f,-0.1068f,0f,0f,0f,1f],start_interpolation: 0,interpolation_duration: 1}
$data merge entity $(bone_left_arm_hazmat) {transformation: [-0.9881f,-0.0682f,0.1381f,0.1854f,-0.0306f,0.9657f,0.2578f,-0.4186f,-0.1509f,0.2505f,-0.9563f,-0.0442f,0f,0f,0f,1f],start_interpolation: 0,interpolation_duration: 1}
$data merge entity $(bone_head) {transformation: [-1f,0f,0f,0f,0f,0.9962f,0.0872f,-0.4784f,0f,0.0872f,-0.9962f,-0.0773f,0f,0f,0f,1f],start_interpolation: 0,interpolation_duration: 1}
$data merge entity $(bone_body) {transformation: [-0.989f,0f,0.1478f,0f,0.0129f,0.9962f,0.0862f,-1.1633f,-0.1472f,0.0872f,-0.9853f,-0.1372f,0f,0f,0f,1f],start_interpolation: 0,interpolation_duration: 1}
$data merge entity $(bone_right_leg_hazmat) {transformation: [-0.999f,0.0434f,0.0042f,-0.125f,0.0435f,0.9823f,0.1821f,-1.1322f,0.0038f,0.1822f,-0.9833f,-0.1345f,0f,0f,0f,1f],start_interpolation: 0,interpolation_duration: 1}
$data merge entity $(bone_left_leg_hazmat) {transformation: [-0.999f,-0.0429f,-0.0079f,0.125f,-0.0435f,0.9627f,0.2671f,-1.1322f,-0.0038f,0.2672f,-0.9636f,-0.1345f,0f,0f,0f,1f],start_interpolation: 0,interpolation_duration: 1}