# This file was generated by Animated Java via MC-Build. It is not recommended to edit this file directly.
$data merge entity $(bone_right_arm_hazmat) {transformation: [-0.9734f,0.0397f,0.2257f,-0.2131f,0.0631f,0.9933f,0.0972f,-0.4493f,-0.2203f,0.1088f,-0.9693f,-0.1236f,0f,0f,0f,1f],start_interpolation: 0,interpolation_duration: 1}
$data merge entity $(bone_left_arm_hazmat) {transformation: [-0.9734f,-0.0415f,0.2254f,0.1827f,-0.0238f,0.9965f,0.0805f,-0.4261f,-0.2279f,0.0729f,-0.9709f,-0.0298f,0f,0f,0f,1f],start_interpolation: 0,interpolation_duration: 1}
$data merge entity $(bone_player_head) {transformation: [-0.9743f,0f,0.2252f,0f,0.0196f,0.9962f,0.0849f,0.0757f,-0.2243f,0.0872f,-0.9706f,-0.0282f,0f,0f,0f,1f],start_interpolation: 0,interpolation_duration: 1}
$data merge entity $(bone_head) {transformation: [-0.9743f,0f,0.2252f,0f,0.0196f,0.9962f,0.0849f,-0.4536f,-0.2243f,0.0872f,-0.9706f,-0.0745f,0f,0f,0f,1f],start_interpolation: 0,interpolation_duration: 1}
$data merge entity $(bone_body) {transformation: [-0.9743f,0f,0.2252f,0f,0.0196f,0.9962f,0.0849f,-1.1696f,-0.2243f,0.0872f,-0.9706f,-0.1372f,0f,0f,0f,1f],start_interpolation: 0,interpolation_duration: 1}
$data merge entity $(bone_right_leg_hazmat) {transformation: [-0.999f,0.0435f,-0.0027f,-0.125f,0.0435f,0.9987f,0.0258f,-1.1385f,0.0038f,0.0256f,-0.9997f,-0.1345f,0f,0f,0f,1f],start_interpolation: 0,interpolation_duration: 1}
$data merge entity $(bone_left_leg_hazmat) {transformation: [-0.999f,-0.0421f,-0.0115f,0.125f,-0.0435f,0.9373f,0.3459f,-1.1385f,-0.0038f,0.346f,-0.9382f,-0.1345f,0f,0f,0f,1f],start_interpolation: 0,interpolation_duration: 1}