# This file was generated by Animated Java via MC-Build. It is not recommended to edit this file directly.
$data merge entity $(bone_right_arm_hazmat) {transformation: [-0.9095f,-0.1146f,0.3996f,-0.1991f,0.0795f,0.8955f,0.4378f,-0.4519f,-0.408f,0.43f,-0.8054f,-0.1647f,0f,0f,0f,1f],start_interpolation: 0,interpolation_duration: 1}
$data merge entity $(bone_left_arm_hazmat) {transformation: [-0.9095f,0.1473f,0.3887f,0.1707f,-0.0074f,0.9292f,-0.3695f,-0.4354f,-0.4156f,-0.339f,-0.844f,0.0055f,0f,0f,0f,1f],start_interpolation: 0,interpolation_duration: 1}
$data merge entity $(bone_head) {transformation: [-1f,0f,0f,0f,0f,0.9962f,0.0872f,-0.4909f,0f,0.0872f,-0.9962f,-0.0773f,0f,0f,0f,1f],start_interpolation: 0,interpolation_duration: 1}
$data merge entity $(bone_body) {transformation: [-0.9104f,0f,0.4138f,0f,0.0361f,0.9962f,0.0793f,-1.1758f,-0.4122f,0.0872f,-0.9069f,-0.1372f,0f,0f,0f,1f],start_interpolation: 0,interpolation_duration: 1}
$data merge entity $(bone_right_leg_hazmat) {transformation: [-0.999f,0.0391f,-0.0194f,-0.125f,0.0435f,0.9303f,-0.3643f,-1.1447f,0.0038f,-0.3648f,-0.9311f,-0.1345f,0f,0f,0f,1f],start_interpolation: 0,interpolation_duration: 1}
$data merge entity $(bone_left_leg_hazmat) {transformation: [-0.999f,-0.0412f,-0.0142f,0.125f,-0.0435f,0.9124f,0.4071f,-1.1447f,-0.0038f,0.4073f,-0.9133f,-0.1345f,0f,0f,0f,1f],start_interpolation: 0,interpolation_duration: 1}