# This file was generated by Animated Java via MC-Build. It is not recommended to edit this file directly.
$data merge entity $(bone_right_arm_hazmat) {transformation: [-0.9054f,-0.1252f,0.4056f,-0.1983f,0.0803f,0.8878f,0.4532f,-0.4643f,-0.4168f,0.4429f,-0.7938f,-0.1666f,0f,0f,0f,1f],start_interpolation: 0,interpolation_duration: 1}
$data merge entity $(bone_left_arm_hazmat) {transformation: [-0.9054f,0.1601f,0.3931f,0.1699f,-0.0067f,0.9207f,-0.3902f,-0.4481f,-0.4244f,-0.3559f,-0.8326f,0.0071f,0f,0f,0f,1f],start_interpolation: 0,interpolation_duration: 1}
$data merge entity $(bone_head) {transformation: [-1f,0f,0f,0f,0f,0.9962f,0.0872f,-0.5034f,0f,0.0872f,-0.9962f,-0.0773f,0f,0f,0f,1f],start_interpolation: 0,interpolation_duration: 1}
$data merge entity $(bone_body) {transformation: [-0.9063f,0f,0.4226f,0f,0.0368f,0.9962f,0.079f,-1.1883f,-0.421f,0.0872f,-0.9029f,-0.1372f,0f,0f,0f,1f],start_interpolation: 0,interpolation_duration: 1}
$data merge entity $(bone_right_leg_hazmat) {transformation: [-0.999f,0.0387f,-0.0201f,-0.125f,0.0435f,0.923f,-0.3822f,-1.1572f,0.0038f,-0.3828f,-0.9238f,-0.1345f,0f,0f,0f,1f],start_interpolation: 0,interpolation_duration: 1}
$data merge entity $(bone_left_leg_hazmat) {transformation: [-0.999f,-0.041f,-0.0149f,0.125f,-0.0435f,0.9054f,0.4223f,-1.1572f,-0.0038f,0.4225f,-0.9063f,-0.1345f,0f,0f,0f,1f],start_interpolation: 0,interpolation_duration: 1}
execute on vehicle unless entity @s[tag=aj.transforms_only] at @s run function animated_java:player_hazmat/animations/walk_loop/zzz/frames/20_root_function