# This file was generated by Animated Java via MC-Build. It is not recommended to edit this file directly.
$data merge entity $(bone_right_arm_hazmat) {transformation: [-0.9146f,-0.1015f,0.3915f,-0.2003f,0.0785f,0.9051f,0.418f,-0.4459f,-0.3968f,0.413f,-0.8198f,-0.1622f,0f,0f,0f,1f],start_interpolation: 0,interpolation_duration: 1}
$data merge entity $(bone_left_arm_hazmat) {transformation: [-0.9146f,0.1314f,0.3825f,0.1716f,-0.0084f,0.9394f,-0.3427f,-0.429f,-0.4044f,-0.3167f,-0.858f,0.0034f,0f,0f,0f,1f],start_interpolation: 0,interpolation_duration: 1}
$data merge entity $(bone_head) {transformation: [-1f,0f,0f,0f,0f,0.9962f,0.0872f,-0.4847f,0f,0.0872f,-0.9962f,-0.0773f,0f,0f,0f,1f],start_interpolation: 0,interpolation_duration: 1}
$data merge entity $(bone_body) {transformation: [-0.9154f,0f,0.4025f,0f,0.0351f,0.9962f,0.0798f,-1.1696f,-0.4009f,0.0872f,-0.9119f,-0.1372f,0f,0f,0f,1f],start_interpolation: 0,interpolation_duration: 1}
$data merge entity $(bone_right_leg_hazmat) {transformation: [-0.999f,0.0395f,-0.0184f,-0.125f,0.0435f,0.939f,-0.3411f,-1.1385f,0.0038f,-0.3415f,-0.9399f,-0.1345f,0f,0f,0f,1f],start_interpolation: 0,interpolation_duration: 1}
$data merge entity $(bone_left_leg_hazmat) {transformation: [-0.999f,-0.0415f,-0.0133f,0.125f,-0.0435f,0.9209f,0.3874f,-1.1385f,-0.0038f,0.3876f,-0.9218f,-0.1345f,0f,0f,0f,1f],start_interpolation: 0,interpolation_duration: 1}