# This file was generated by Animated Java via MC-Build. It is not recommended to edit this file directly.
$data merge entity $(bone_right_arm_hazmat) {transformation: [-0.9216f,-0.0832f,0.3791f,-0.2018f,0.0771f,0.9181f,0.3888f,-0.44f,-0.3803f,0.3875f,-0.8397f,-0.1587f,0f,0f,0f,1f],start_interpolation: 0,interpolation_duration: 1}
$data merge entity $(bone_left_arm_hazmat) {transformation: [-0.9216f,0.1091f,0.3724f,0.173f,-0.0098f,0.9528f,-0.3035f,-0.4225f,-0.3879f,-0.2834f,-0.877f,0.0003f,0f,0f,0f,1f],start_interpolation: 0,interpolation_duration: 1}
$data merge entity $(bone_player_head) {transformation: [-0.9225f,0f,0.386f,0f,0.0336f,0.9962f,0.0804f,0.0819f,-0.3845f,0.0872f,-0.919f,-0.0282f,0f,0f,0f,1f],start_interpolation: 0,interpolation_duration: 1}
$data merge entity $(bone_head) {transformation: [-0.9225f,0f,0.386f,0f,0.0336f,0.9962f,0.0804f,-0.4473f,-0.3845f,0.0872f,-0.919f,-0.0745f,0f,0f,0f,1f],start_interpolation: 0,interpolation_duration: 1}
$data merge entity $(bone_body) {transformation: [-0.9225f,0f,0.386f,0f,0.0336f,0.9962f,0.0804f,-1.1633f,-0.3845f,0.0872f,-0.919f,-0.1372f,0f,0f,0f,1f],start_interpolation: 0,interpolation_duration: 1}
$data merge entity $(bone_right_leg_hazmat) {transformation: [-0.999f,0.0402f,-0.017f,-0.125f,0.0435f,0.9507f,-0.3071f,-1.1322f,0.0038f,-0.3076f,-0.9515f,-0.1345f,0f,0f,0f,1f],start_interpolation: 0,interpolation_duration: 1}
$data merge entity $(bone_left_leg_hazmat) {transformation: [-0.999f,-0.0419f,-0.012f,0.125f,-0.0435f,0.9325f,0.3587f,-1.1322f,-0.0038f,0.3588f,-0.9334f,-0.1345f,0f,0f,0f,1f],start_interpolation: 0,interpolation_duration: 1}