# This file was generated by Animated Java via MC-Build. It is not recommended to edit this file directly.
$data merge entity $(bone_right_arm_hazmat) {transformation: [-0.9307f,-0.0599f,0.3608f,-0.2038f,0.0751f,0.9342f,0.3488f,-0.4341f,-0.358f,0.3517f,-0.865f,-0.1538f,0f,0f,0f,1f],start_interpolation: 0,interpolation_duration: 1}
$data merge entity $(bone_left_arm_hazmat) {transformation: [-0.9307f,0.0807f,0.3568f,0.1747f,-0.0118f,0.9682f,-0.2498f,-0.4159f,-0.3656f,-0.2367f,-0.9002f,-0.0039f,0f,0f,0f,1f],start_interpolation: 0,interpolation_duration: 1}
$data merge entity $(bone_player_head) {transformation: [-0.9316f,0f,0.3635f,0f,0.0317f,0.9962f,0.0812f,0.0882f,-0.3621f,0.0872f,-0.928f,-0.0282f,0f,0f,0f,1f],start_interpolation: 0,interpolation_duration: 1}
$data merge entity $(bone_head) {transformation: [-0.9316f,0f,0.3635f,0f,0.0317f,0.9962f,0.0812f,-0.4411f,-0.3621f,0.0872f,-0.928f,-0.0745f,0f,0f,0f,1f],start_interpolation: 0,interpolation_duration: 1}
$data merge entity $(bone_body) {transformation: [-0.9316f,0f,0.3635f,0f,0.0317f,0.9962f,0.0812f,-1.1571f,-0.3621f,0.0872f,-0.928f,-0.1372f,0f,0f,0f,1f],start_interpolation: 0,interpolation_duration: 1}
$data merge entity $(bone_right_leg_hazmat) {transformation: [-0.999f,0.041f,-0.015f,-0.125f,0.0435f,0.9644f,-0.2607f,-1.126f,0.0038f,-0.2611f,-0.9653f,-0.1345f,0f,0f,0f,1f],start_interpolation: 0,interpolation_duration: 1}
$data merge entity $(bone_left_leg_hazmat) {transformation: [-0.999f,-0.0424f,-0.0103f,0.125f,-0.0435f,0.9466f,0.3193f,-1.126f,-0.0038f,0.3195f,-0.9476f,-0.1345f,0f,0f,0f,1f],start_interpolation: 0,interpolation_duration: 1}