# This file was generated by Animated Java via MC-Build. It is not recommended to edit this file directly.
$data merge entity $(bone_right_arm_hazmat) {transformation: [-0.9417f,-0.0321f,0.3348f,-0.2062f,0.0725f,0.9526f,0.2953f,-0.4353f,-0.3284f,0.3024f,-0.8948f,-0.1473f,0f,0f,0f,1f],start_interpolation: 0,interpolation_duration: 1}
$data merge entity $(bone_left_arm_hazmat) {transformation: [-0.9417f,0.0467f,0.3331f,0.1767f,-0.0144f,0.9838f,-0.1786f,-0.416f,-0.336f,-0.173f,-0.9258f,-0.0095f,0f,0f,0f,1f],start_interpolation: 0,interpolation_duration: 1}
$data merge entity $(bone_head) {transformation: [-1f,0f,0f,0f,0f,0.9962f,0.0872f,-0.4728f,0f,0.0872f,-0.9962f,-0.0773f,0f,0f,0f,1f],start_interpolation: 0,interpolation_duration: 1}
$data merge entity $(bone_body) {transformation: [-0.9426f,0f,0.3338f,0f,0.0291f,0.9962f,0.0822f,-1.1577f,-0.3325f,0.0872f,-0.9391f,-0.1372f,0f,0f,0f,1f],start_interpolation: 0,interpolation_duration: 1}
$data merge entity $(bone_right_leg_hazmat) {transformation: [-0.999f,0.0418f,-0.0124f,-0.125f,0.0435f,0.979f,-0.1991f,-1.1266f,0.0038f,-0.1994f,-0.9799f,-0.1345f,0f,0f,0f,1f],start_interpolation: 0,interpolation_duration: 1}
$data merge entity $(bone_left_leg_hazmat) {transformation: [-0.999f,-0.0429f,-0.0079f,0.125f,-0.0435f,0.9627f,0.2671f,-1.1266f,-0.0038f,0.2672f,-0.9636f,-0.1345f,0f,0f,0f,1f],start_interpolation: 0,interpolation_duration: 1}