# This file was generated by Animated Java via MC-Build. It is not recommended to edit this file directly.
$data merge entity $(bone_right_arm_hazmat) {transformation: [-0.9547f,-0.0008f,0.2976f,-0.209f,0.0691f,0.9721f,0.2243f,-0.4381f,-0.2895f,0.2347f,-0.9279f,-0.1388f,0f,0f,0f,1f],start_interpolation: 0,interpolation_duration: 1}
$data merge entity $(bone_left_arm_hazmat) {transformation: [-0.9547f,0.0082f,0.2975f,0.1792f,-0.0178f,0.9963f,-0.0846f,-0.4174f,-0.2971f,-0.0861f,-0.951f,-0.0168f,0f,0f,0f,1f],start_interpolation: 0,interpolation_duration: 1}
$data merge entity $(bone_player_head) {transformation: [-0.9556f,0f,0.2947f,0f,0.0257f,0.9962f,0.0833f,0.0856f,-0.2936f,0.0872f,-0.952f,-0.0282f,0f,0f,0f,1f],start_interpolation: 0,interpolation_duration: 1}
$data merge entity $(bone_head) {transformation: [-0.9556f,0f,0.2947f,0f,0.0257f,0.9962f,0.0833f,-0.4437f,-0.2936f,0.0872f,-0.952f,-0.0745f,0f,0f,0f,1f],start_interpolation: 0,interpolation_duration: 1}
$data merge entity $(bone_body) {transformation: [-0.9556f,0f,0.2947f,0f,0.0257f,0.9962f,0.0833f,-1.1597f,-0.2936f,0.0872f,-0.952f,-0.1372f,0f,0f,0f,1f],start_interpolation: 0,interpolation_duration: 1}
$data merge entity $(bone_right_leg_hazmat) {transformation: [-0.999f,0.0427f,-0.0089f,-0.125f,0.0435f,0.9921f,-0.1178f,-1.1286f,0.0038f,-0.1181f,-0.993f,-0.1345f,0f,0f,0f,1f],start_interpolation: 0,interpolation_duration: 1}
$data merge entity $(bone_left_leg_hazmat) {transformation: [-0.999f,-0.0433f,-0.0049f,0.125f,-0.0435f,0.9793f,0.1979f,-1.1286f,-0.0038f,0.1979f,-0.9802f,-0.1345f,0f,0f,0f,1f],start_interpolation: 0,interpolation_duration: 1}