# This file was generated by Animated Java via MC-Build. It is not recommended to edit this file directly.
$data merge entity $(bone_right_arm_hazmat) {transformation: [-0.9694f,0.0317f,0.2435f,-0.2123f,0.0645f,0.9897f,0.1279f,-0.4427f,-0.237f,0.1397f,-0.9614f,-0.1273f,0f,0f,0f,1f],start_interpolation: 0,interpolation_duration: 1}
$data merge entity $(bone_left_arm_hazmat) {transformation: [-0.9694f,-0.0317f,0.2435f,0.1819f,-0.0224f,0.9989f,0.041f,-0.4201f,-0.2446f,0.0343f,-0.969f,-0.0266f,0f,0f,0f,1f],start_interpolation: 0,interpolation_duration: 1}
$data merge entity $(bone_head) {transformation: [-1f,0f,0f,0f,0f,0.9962f,0.0872f,-0.4784f,0f,0.0872f,-0.9962f,-0.0773f,0f,0f,0f,1f],start_interpolation: 0,interpolation_duration: 1}
$data merge entity $(bone_body) {transformation: [-0.9703f,0f,0.2419f,0f,0.0211f,0.9962f,0.0846f,-1.1633f,-0.241f,0.0872f,-0.9666f,-0.1372f,0f,0f,0f,1f],start_interpolation: 0,interpolation_duration: 1}
$data merge entity $(bone_right_leg_hazmat) {transformation: [-0.999f,0.0434f,-0.0042f,-0.125f,0.0435f,0.999f,-0.0086f,-1.1322f,0.0038f,-0.0088f,-1f,-0.1345f,0f,0f,0f,1f],start_interpolation: 0,interpolation_duration: 1}
$data merge entity $(bone_left_leg_hazmat) {transformation: [-0.999f,-0.0436f,-0.0008f,0.125f,-0.0435f,0.9936f,0.1045f,-1.1322f,-0.0038f,0.1044f,-0.9945f,-0.1345f,0f,0f,0f,1f],start_interpolation: 0,interpolation_duration: 1}