# This file was generated by Animated Java via MC-Build. It is not recommended to edit this file directly.
$data merge entity $(bone_right_arm_hazmat) {transformation: [-0.9854f,0.0592f,0.1597f,-0.2158f,0.0578f,0.9982f,-0.0133f,-0.4504f,-0.1602f,-0.0039f,-0.9871f,-0.1105f,0f,0f,0f,1f],start_interpolation: 0,interpolation_duration: 1}
$data merge entity $(bone_left_arm_hazmat) {transformation: [-0.9854f,-0.0649f,0.1575f,0.1849f,-0.0291f,0.9752f,0.2196f,-0.4251f,-0.1678f,0.2118f,-0.9628f,-0.041f,0f,0f,0f,1f],start_interpolation: 0,interpolation_duration: 1}
$data merge entity $(bone_player_head) {transformation: [-0.9863f,0f,0.1648f,0f,0.0144f,0.9962f,0.086f,0.0757f,-0.1642f,0.0872f,-0.9826f,-0.0282f,0f,0f,0f,1f],start_interpolation: 0,interpolation_duration: 1}
$data merge entity $(bone_head) {transformation: [-0.9863f,0f,0.1648f,0f,0.0144f,0.9962f,0.086f,-0.4536f,-0.1642f,0.0872f,-0.9826f,-0.0745f,0f,0f,0f,1f],start_interpolation: 0,interpolation_duration: 1}
$data merge entity $(bone_body) {transformation: [-0.9863f,0f,0.1648f,0f,0.0144f,0.9962f,0.086f,-1.1696f,-0.1642f,0.0872f,-0.9826f,-0.1372f,0f,0f,0f,1f],start_interpolation: 0,interpolation_duration: 1}
$data merge entity $(bone_right_leg_hazmat) {transformation: [-0.999f,0.0435f,0.0027f,-0.125f,0.0435f,0.988f,0.1482f,-1.1385f,0.0038f,0.1482f,-0.989f,-0.1345f,0f,0f,0f,1f],start_interpolation: 0,interpolation_duration: 1}
$data merge entity $(bone_left_leg_hazmat) {transformation: [-0.999f,-0.0433f,0.0052f,0.125f,-0.0435f,0.9986f,-0.0312f,-1.1385f,-0.0038f,-0.0314f,-0.9995f,-0.1345f,0f,0f,0f,1f],start_interpolation: 0,interpolation_duration: 1}