# This file was generated by Animated Java via MC-Build. It is not recommended to edit this file directly.
$data merge entity $(bone_right_leg_hazmat) {transformation: [-0.766f,0.6428f,0f,-0.449f,-0.0112f,-0.0134f,0.9998f,0.1964f,0.6427f,0.7659f,0.0175f,-0.1962f,0f,0f,0f,1f],start_interpolation: 0,interpolation_duration: 1}
$data merge entity $(bone_left_leg_hazmat) {transformation: [-0.9537f,0.3007f,0f,-0.1441f,-0.0052f,-0.0166f,0.9998f,0.1992f,0.3007f,0.9536f,0.0175f,-0.3549f,0f,0f,0f,1f],start_interpolation: 0,interpolation_duration: 1}
$data merge entity $(bone_right_arm_hazmat) {transformation: [-0.7071f,0.7071f,0f,-0.2978f,-0.0123f,-0.0123f,0.9998f,0.1842f,0.707f,0.707f,0.0175f,0.5001f,0f,0f,0f,1f],start_interpolation: 0,interpolation_duration: 1}
$data merge entity $(bone_left_arm_hazmat) {transformation: [-0.9763f,0.2164f,0f,0.3951f,-0.0038f,-0.017f,0.9998f,0.1905f,0.2164f,0.9761f,0.0175f,0.1394f,0f,0f,0f,1f],start_interpolation: 0,interpolation_duration: 1}
$data merge entity $(bone_helmet) {transformation: [-0.54f,0.4617f,-0.7037f,0.2657f,-0.7981f,-0.0155f,0.6023f,0.1795f,0.2672f,0.8869f,0.3769f,0.7704f,0f,0f,0f,1f],start_interpolation: 0,interpolation_duration: 1}
$data merge entity $(bone_upper) {transformation: [-0.887f,0.4617f,0f,-0.255f,-0.0081f,-0.0155f,0.9998f,0.1981f,0.4617f,0.8869f,0.0175f,-0.2972f,0f,0f,0f,1f],start_interpolation: 0,interpolation_duration: 1}
data modify entity @s data merge value {"cameras":{},"locators":{"camera":{"posx":0.1502180647715664,"posy":-0.11657625895559343,"posz":0.5434106588105063,"roty":179.99999999813713,"rotx":88.99999999994762}}}