# This file was generated by Animated Java via MC-Build. It is not recommended to edit this file directly.
$data merge entity $(bone_broom) {transformation: [-0.9459f,-0.3227f,-0.0332f,-0.0969f,-0.3243f,0.9386f,0.1177f,-1.7064f,-0.0068f,0.1221f,-0.9925f,0.5577f,0f,0f,0f,1f],start_interpolation: 0,interpolation_duration: 1}
$data merge entity $(bone_right_arm) {transformation: [0.9459f,-0.0332f,-0.3227f,-0.25f,0.3243f,0.1177f,0.9386f,-1.3823f,0.0068f,-0.9925f,0.1221f,-0.0347f,0f,0f,0f,1f],start_interpolation: 0,interpolation_duration: 1}
$data merge entity $(bone_left_arm) {transformation: [-1f,0f,0.0026f,0.25f,0f,1f,-0.0041f,-0.7187f,-0.0026f,-0.0041f,-1f,-0.0312f,0f,0f,0f,1f],start_interpolation: 0,interpolation_duration: 1}