# This file was generated by Animated Java via MC-Build. It is not recommended to edit this file directly.
$data merge entity $(bone_broom) {transformation: [0.5324f,-0.8439f,-0.0667f,0.0061f,-0.8464f,-0.5319f,-0.0258f,-0.6192f,-0.0137f,0.0702f,-0.9974f,0.5677f,0f,0f,0f,1f],start_interpolation: 0,interpolation_duration: 1}
$data merge entity $(bone_right_arm) {transformation: [-0.5324f,-0.0667f,-0.8439f,-0.25f,0.8464f,-0.0258f,-0.5319f,-0.8221f,0.0137f,-0.9974f,0.0702f,-0.0428f,0f,0f,0f,1f],start_interpolation: 0,interpolation_duration: 1}
$data merge entity $(bone_left_arm) {transformation: [-0.9713f,0.0861f,0.2215f,0.25f,0f,0.932f,-0.3624f,-0.7187f,-0.2377f,-0.3521f,-0.9053f,-0.0312f,0f,0f,0f,1f],start_interpolation: 0,interpolation_duration: 1}