# This file was generated by Animated Java via MC-Build. It is not recommended to edit this file directly.
$data merge entity $(bone_broom) {transformation: [0.6341f,-0.7709f,-0.0604f,-0.0228f,-0.7731f,-0.6335f,-0.0313f,-0.5828f,-0.0142f,0.0665f,-0.9977f,0.5688f,0f,0f,0f,1f],start_interpolation: 0,interpolation_duration: 1}
$data merge entity $(bone_right_arm) {transformation: [-0.6341f,-0.0604f,-0.7709f,-0.25f,0.7731f,-0.0313f,-0.6335f,-0.8146f,0.0142f,-0.9977f,0.0665f,-0.0429f,0f,0f,0f,1f],start_interpolation: 0,interpolation_duration: 1}
$data merge entity $(bone_left_arm) {transformation: [-0.9597f,0.1197f,0.2541f,0.25f,0f,0.9047f,-0.426f,-0.7187f,-0.2809f,-0.4088f,-0.8683f,-0.0312f,0f,0f,0f,1f],start_interpolation: 0,interpolation_duration: 1}