# This file was generated by Animated Java via MC-Build. It is not recommended to edit this file directly.
$data merge entity $(bone_broom) {transformation: [0.7171f,-0.6948f,-0.0545f,-0.0515f,-0.6968f,-0.7164f,-0.0352f,-0.555f,-0.0146f,0.0633f,-0.9979f,0.5698f,0f,0f,0f,1f],start_interpolation: 0,interpolation_duration: 1}
$data merge entity $(bone_right_arm) {transformation: [-0.7171f,-0.0545f,-0.6948f,-0.25f,0.6968f,-0.0352f,-0.7164f,-0.8092f,0.0146f,-0.9979f,0.0633f,-0.0429f,0f,0f,0f,1f],start_interpolation: 0,interpolation_duration: 1}
$data merge entity $(bone_left_arm) {transformation: [-0.9455f,0.1597f,0.2838f,0.25f,0f,0.8715f,-0.4904f,-0.7187f,-0.3256f,-0.4637f,-0.824f,-0.0312f,0f,0f,0f,1f],start_interpolation: 0,interpolation_duration: 1}