# This file was generated by Animated Java via MC-Build. It is not recommended to edit this file directly.
$data merge entity $(bone_broom) {transformation: [0.7838f,-0.6191f,-0.0492f,-0.0791f,-0.6209f,-0.783f,-0.038f,-0.534f,-0.015f,0.0604f,-0.9981f,0.5707f,0f,0f,0f,1f],start_interpolation: 0,interpolation_duration: 1}
$data merge entity $(bone_right_arm) {transformation: [-0.7838f,-0.0492f,-0.6191f,-0.25f,0.6209f,-0.038f,-0.783f,-0.8054f,0.015f,-0.9981f,0.0604f,-0.043f,0f,0f,0f,1f],start_interpolation: 0,interpolation_duration: 1}
$data merge entity $(bone_left_arm) {transformation: [-0.9286f,0.2057f,0.3089f,0.25f,0f,0.8323f,-0.5543f,-0.7187f,-0.3711f,-0.5147f,-0.7729f,-0.0312f,0f,0f,0f,1f],start_interpolation: 0,interpolation_duration: 1}