# This file was generated by Animated Java via MC-Build. It is not recommended to edit this file directly.
$data merge entity $(bone_broom) {transformation: [0.8363f,-0.5465f,-0.0444f,-0.1048f,-0.5481f,-0.8355f,-0.0399f,-0.5186f,-0.0153f,0.0578f,-0.9982f,0.5715f,0f,0f,0f,1f],start_interpolation: 0,interpolation_duration: 1}
$data merge entity $(bone_right_arm) {transformation: [-0.8363f,-0.0444f,-0.5465f,-0.25f,0.5481f,-0.0399f,-0.8355f,-0.8027f,0.0153f,-0.9982f,0.0578f,-0.043f,0f,0f,0f,1f],start_interpolation: 0,interpolation_duration: 1}
$data merge entity $(bone_left_arm) {transformation: [-0.9091f,0.2569f,0.3281f,0.25f,0f,0.7874f,-0.6165f,-0.7187f,-0.4167f,-0.5604f,-0.7158f,-0.0312f,0f,0f,0f,1f],start_interpolation: 0,interpolation_duration: 1}