# This file was generated by Animated Java via MC-Build. It is not recommended to edit this file directly.
$data merge entity $(bone_broom) {transformation: [0.8771f,-0.4787f,-0.0403f,-0.1283f,-0.4801f,-0.8762f,-0.0412f,-0.5074f,-0.0156f,0.0555f,-0.9983f,0.5722f,0f,0f,0f,1f],start_interpolation: 0,interpolation_duration: 1}
$data merge entity $(bone_right_arm) {transformation: [-0.8771f,-0.0403f,-0.4787f,-0.25f,0.4801f,-0.0412f,-0.8762f,-0.8008f,0.0156f,-0.9983f,0.0555f,-0.0431f,0f,0f,0f,1f],start_interpolation: 0,interpolation_duration: 1}
$data merge entity $(bone_left_arm) {transformation: [-0.887f,0.312f,0.3404f,0.25f,0f,0.7373f,-0.6756f,-0.7187f,-0.4617f,-0.5993f,-0.654f,-0.0312f,0f,0f,0f,1f],start_interpolation: 0,interpolation_duration: 1}