# This file was generated by Animated Java via MC-Build. It is not recommended to edit this file directly.
$data merge entity $(bone_broom) {transformation: [0.9082f,-0.4168f,-0.0368f,-0.1493f,-0.4182f,-0.9074f,-0.0419f,-0.4995f,-0.0159f,0.0535f,-0.9984f,0.5729f,0f,0f,0f,1f],start_interpolation: 0,interpolation_duration: 1}
$data merge entity $(bone_right_arm) {transformation: [-0.9082f,-0.0368f,-0.4168f,-0.25f,0.4182f,-0.0419f,-0.9074f,-0.7995f,0.0159f,-0.9984f,0.0535f,-0.0431f,0f,0f,0f,1f],start_interpolation: 0,interpolation_duration: 1}
$data merge entity $(bone_left_arm) {transformation: [-0.8627f,0.3695f,0.3452f,0.25f,0f,0.6827f,-0.7307f,-0.7187f,-0.5057f,-0.6304f,-0.589f,-0.0312f,0f,0f,0f,1f],start_interpolation: 0,interpolation_duration: 1}