# This file was generated by Animated Java via MC-Build. It is not recommended to edit this file directly.
$data merge entity $(bone_broom) {transformation: [0.9317f,-0.3616f,-0.0338f,-0.1677f,-0.3628f,-0.9309f,-0.0424f,-0.4941f,-0.0161f,0.0517f,-0.9985f,0.5734f,0f,0f,0f,1f],start_interpolation: 0,interpolation_duration: 1}
$data merge entity $(bone_right_arm) {transformation: [-0.9317f,-0.0338f,-0.3616f,-0.25f,0.3628f,-0.0424f,-0.9309f,-0.7985f,0.0161f,-0.9985f,0.0517f,-0.0431f,0f,0f,0f,1f],start_interpolation: 0,interpolation_duration: 1}
$data merge entity $(bone_left_arm) {transformation: [-0.8366f,0.4278f,0.3422f,0.25f,0f,0.6247f,-0.7808f,-0.7187f,-0.5478f,-0.6532f,-0.5227f,-0.0312f,0f,0f,0f,1f],start_interpolation: 0,interpolation_duration: 1}