# This file was generated by Animated Java via MC-Build. It is not recommended to edit this file directly.
$data merge entity $(bone_broom) {transformation: [0.9492f,-0.3132f,-0.0313f,-0.1837f,-0.3143f,-0.9484f,-0.0426f,-0.4905f,-0.0163f,0.0502f,-0.9986f,0.5739f,0f,0f,0f,1f],start_interpolation: 0,interpolation_duration: 1}
$data merge entity $(bone_right_arm) {transformation: [-0.9492f,-0.0313f,-0.3132f,-0.25f,0.3143f,-0.0426f,-0.9484f,-0.7979f,0.0163f,-0.9986f,0.0502f,-0.0431f,0f,0f,0f,1f],start_interpolation: 0,interpolation_duration: 1}
$data merge entity $(bone_left_arm) {transformation: [-0.809f,0.4852f,0.3318f,0.25f,0f,0.5645f,-0.8254f,-0.7187f,-0.5878f,-0.6678f,-0.4567f,-0.0312f,0f,0f,0f,1f],start_interpolation: 0,interpolation_duration: 1}