# This file was generated by Animated Java via MC-Build. It is not recommended to edit this file directly.
$data merge entity $(bone_broom) {transformation: [0.962f,-0.2715f,-0.0292f,-0.1973f,-0.2726f,-0.9612f,-0.0426f,-0.4882f,-0.0165f,0.049f,-0.9987f,0.5743f,0f,0f,0f,1f],start_interpolation: 0,interpolation_duration: 1}
$data merge entity $(bone_right_arm) {transformation: [-0.962f,-0.0292f,-0.2715f,-0.25f,0.2726f,-0.0426f,-0.9612f,-0.7974f,0.0165f,-0.9987f,0.049f,-0.0431f,0f,0f,0f,1f],start_interpolation: 0,interpolation_duration: 1}
$data merge entity $(bone_left_arm) {transformation: [-0.7806f,0.5401f,0.3145f,0.25f,0f,0.5032f,-0.8642f,-0.7187f,-0.625f,-0.6746f,-0.3928f,-0.0312f,0f,0f,0f,1f],start_interpolation: 0,interpolation_duration: 1}