# This file was generated by Animated Java via MC-Build. It is not recommended to edit this file directly.
$data merge entity $(bone_broom) {transformation: [-0.8263f,-0.5603f,-0.058f,-0.0196f,-0.5632f,0.8204f,0.0989f,-1.4792f,-0.0078f,0.1144f,-0.9934f,0.5581f,0f,0f,0f,1f],start_interpolation: 0,interpolation_duration: 1}
$data merge entity $(bone_right_arm) {transformation: [0.8263f,-0.058f,-0.5603f,-0.25f,0.5632f,0.0989f,0.8204f,-1.2106f,0.0078f,-0.9934f,0.1144f,-0.0372f,0f,0f,0f,1f],start_interpolation: 0,interpolation_duration: 1}
$data merge entity $(bone_left_arm) {transformation: [-0.9999f,0.0002f,0.0105f,0.25f,0f,0.9999f,-0.0162f,-0.7187f,-0.0105f,-0.0162f,-0.9998f,-0.0312f,0f,0f,0f,1f],start_interpolation: 0,interpolation_duration: 1}