# This file was generated by Animated Java via MC-Build. It is not recommended to edit this file directly.
$data merge entity $(bone_broom) {transformation: [0.9713f,-0.2364f,-0.0275f,-0.2086f,-0.2374f,-0.9705f,-0.0426f,-0.486f,-0.0166f,0.0479f,-0.9987f,0.5746f,0f,0f,0f,1f],start_interpolation: 0,interpolation_duration: 1}
$data merge entity $(bone_right_arm) {transformation: [-0.9713f,-0.0275f,-0.2364f,-0.25f,0.2374f,-0.0426f,-0.9705f,-0.7962f,0.0166f,-0.9987f,0.0479f,-0.0431f,0f,0f,0f,1f],start_interpolation: 0,interpolation_duration: 1}
$data merge entity $(bone_left_arm) {transformation: [-0.7518f,0.5913f,0.2916f,0.25f,0f,0.4423f,-0.8969f,-0.7187f,-0.6593f,-0.6743f,-0.3325f,-0.0312f,0f,0f,0f,1f],start_interpolation: 0,interpolation_duration: 1}