# This file was generated by Animated Java via MC-Build. It is not recommended to edit this file directly.
$data merge entity $(bone_broom) {transformation: [0.9779f,-0.2074f,-0.0261f,-0.2179f,-0.2084f,-0.9771f,-0.0425f,-0.4852f,-0.0167f,0.047f,-0.9988f,0.5745f,0f,0f,0f,1f],start_interpolation: 0,interpolation_duration: 1}
$data merge entity $(bone_right_arm) {transformation: [-0.9779f,-0.0261f,-0.2074f,-0.25f,0.2084f,-0.0425f,-0.9771f,-0.7959f,0.0167f,-0.9988f,0.047f,-0.0435f,0f,0f,0f,1f],start_interpolation: 0,interpolation_duration: 1}
$data merge entity $(bone_left_arm) {transformation: [-0.7234f,0.6378f,0.2644f,0.25f,0f,0.383f,-0.9238f,-0.7187f,-0.6904f,-0.6682f,-0.2771f,-0.0312f,0f,0f,0f,1f],start_interpolation: 0,interpolation_duration: 1}