# This file was generated by Animated Java via MC-Build. It is not recommended to edit this file directly.
$data merge entity $(bone_broom) {transformation: [0.9826f,-0.184f,-0.0251f,-0.2254f,-0.185f,-0.9818f,-0.0424f,-0.4827f,-0.0168f,0.0463f,-0.9988f,0.5724f,0f,0f,0f,1f],start_interpolation: 0,interpolation_duration: 1}
$data merge entity $(bone_right_arm) {transformation: [-0.9826f,-0.0251f,-0.184f,-0.25f,0.185f,-0.0424f,-0.9818f,-0.7938f,0.0168f,-0.9988f,0.0463f,-0.0457f,0f,0f,0f,1f],start_interpolation: 0,interpolation_duration: 1}
$data merge entity $(bone_left_arm) {transformation: [-0.6959f,0.6788f,0.2345f,0.25f,0f,0.3266f,-0.9452f,-0.7187f,-0.7181f,-0.6577f,-0.2273f,-0.0312f,0f,0f,0f,1f],start_interpolation: 0,interpolation_duration: 1}