# This file was generated by Animated Java via MC-Build. It is not recommended to edit this file directly.
$data merge entity $(bone_broom) {transformation: [0.9859f,-0.1658f,-0.0243f,-0.2312f,-0.1667f,-0.9851f,-0.0424f,-0.4768f,-0.0169f,0.0458f,-0.9988f,0.5664f,0f,0f,0f,1f],start_interpolation: 0,interpolation_duration: 1}
$data merge entity $(bone_right_arm) {transformation: [-0.9859f,-0.0243f,-0.1658f,-0.25f,0.1667f,-0.0424f,-0.9851f,-0.7879f,0.0169f,-0.9988f,0.0458f,-0.052f,0f,0f,0f,1f],start_interpolation: 0,interpolation_duration: 1}
$data merge entity $(bone_left_arm) {transformation: [-0.67f,0.7139f,0.2036f,0.25f,0f,0.2742f,-0.9617f,-0.7187f,-0.7424f,-0.6443f,-0.1837f,-0.0312f,0f,0f,0f,1f],start_interpolation: 0,interpolation_duration: 1}