# This file was generated by Animated Java via MC-Build. It is not recommended to edit this file directly.
$data merge entity $(bone_broom) {transformation: [0.9881f,-0.152f,-0.0237f,-0.2355f,-0.1529f,-0.9873f,-0.0423f,-0.4653f,-0.0169f,0.0454f,-0.9988f,0.5544f,0f,0f,0f,1f],start_interpolation: 0,interpolation_duration: 1}
$data merge entity $(bone_right_arm) {transformation: [-0.9881f,-0.0237f,-0.152f,-0.25f,0.1529f,-0.0423f,-0.9873f,-0.7764f,0.0169f,-0.9988f,0.0454f,-0.0641f,0f,0f,0f,1f],start_interpolation: 0,interpolation_duration: 1}
$data merge entity $(bone_left_arm) {transformation: [-0.6462f,0.7433f,0.1732f,0.25f,0f,0.2269f,-0.9739f,-0.7187f,-0.7632f,-0.6293f,-0.1466f,-0.0312f,0f,0f,0f,1f],start_interpolation: 0,interpolation_duration: 1}