# This file was generated by Animated Java via MC-Build. It is not recommended to edit this file directly.
$data merge entity $(bone_broom) {transformation: [0.9896f,-0.1421f,-0.0232f,-0.2386f,-0.143f,-0.9888f,-0.0422f,-0.4465f,-0.017f,0.0451f,-0.9988f,0.5345f,0f,0f,0f,1f],start_interpolation: 0,interpolation_duration: 1}
$data merge entity $(bone_right_arm) {transformation: [-0.9896f,-0.0232f,-0.1421f,-0.25f,0.143f,-0.0422f,-0.9888f,-0.7575f,0.017f,-0.9988f,0.0451f,-0.0841f,0f,0f,0f,1f],start_interpolation: 0,interpolation_duration: 1}
$data merge entity $(bone_left_arm) {transformation: [-0.625f,0.767f,0.1449f,0.25f,0f,0.1856f,-0.9826f,-0.7187f,-0.7806f,-0.6142f,-0.116f,-0.0312f,0f,0f,0f,1f],start_interpolation: 0,interpolation_duration: 1}