# This file was generated by Animated Java via MC-Build. It is not recommended to edit this file directly.
$data merge entity $(bone_broom) {transformation: [0.9905f,-0.1355f,-0.023f,-0.2407f,-0.1364f,-0.9898f,-0.0422f,-0.4276f,-0.017f,0.0449f,-0.9988f,0.5146f,0f,0f,0f,1f],start_interpolation: 0,interpolation_duration: 1}
$data merge entity $(bone_right_arm) {transformation: [-0.9905f,-0.023f,-0.1355f,-0.25f,0.1364f,-0.0422f,-0.9898f,-0.7386f,0.017f,-0.9988f,0.0449f,-0.104f,0f,0f,0f,1f],start_interpolation: 0,interpolation_duration: 1}
$data merge entity $(bone_left_arm) {transformation: [-0.6071f,0.7856f,0.1198f,0.25f,0f,0.1508f,-0.9886f,-0.7187f,-0.7947f,-0.6001f,-0.0916f,-0.0312f,0f,0f,0f,1f],start_interpolation: 0,interpolation_duration: 1}