# This file was generated by Animated Java via MC-Build. It is not recommended to edit this file directly.
$data merge entity $(bone_broom) {transformation: [0.9911f,-0.1315f,-0.0228f,-0.242f,-0.1324f,-0.9903f,-0.0422f,-0.4162f,-0.017f,0.0448f,-0.9989f,0.5025f,0f,0f,0f,1f],start_interpolation: 0,interpolation_duration: 1}
$data merge entity $(bone_right_arm) {transformation: [-0.9911f,-0.0228f,-0.1315f,-0.25f,0.1324f,-0.0422f,-0.9903f,-0.7271f,0.017f,-0.9989f,0.0448f,-0.1162f,0f,0f,0f,1f],start_interpolation: 0,interpolation_duration: 1}
$data merge entity $(bone_left_arm) {transformation: [-0.5927f,0.7993f,0.0993f,0.25f,0f,0.1233f,-0.9924f,-0.7187f,-0.8055f,-0.5881f,-0.073f,-0.0312f,0f,0f,0f,1f],start_interpolation: 0,interpolation_duration: 1}