# This file was generated by Animated Java via MC-Build. It is not recommended to edit this file directly.
$data merge entity $(bone_broom) {transformation: [0.9913f,-0.1294f,-0.0227f,-0.2426f,-0.1303f,-0.9906f,-0.0422f,-0.4103f,-0.017f,0.0447f,-0.9989f,0.4963f,0f,0f,0f,1f],start_interpolation: 0,interpolation_duration: 1}
$data merge entity $(bone_right_arm) {transformation: [-0.9913f,-0.0227f,-0.1294f,-0.25f,0.1303f,-0.0422f,-0.9906f,-0.7212f,0.017f,-0.9989f,0.0447f,-0.1224f,0f,0f,0f,1f],start_interpolation: 0,interpolation_duration: 1}
$data merge entity $(bone_left_arm) {transformation: [-0.5821f,0.8087f,0.084f,0.25f,0f,0.1033f,-0.9947f,-0.7187f,-0.8131f,-0.579f,-0.0601f,-0.0312f,0f,0f,0f,1f],start_interpolation: 0,interpolation_duration: 1}