# This file was generated by Animated Java via MC-Build. It is not recommended to edit this file directly.
$data merge entity $(bone_broom) {transformation: [0.9914f,-0.1287f,-0.0227f,-0.2429f,-0.1295f,-0.9907f,-0.0421f,-0.4082f,-0.017f,0.0447f,-0.9989f,0.494f,0f,0f,0f,1f],start_interpolation: 0,interpolation_duration: 1}
$data merge entity $(bone_right_arm) {transformation: [-0.9914f,-0.0227f,-0.1287f,-0.25f,0.1295f,-0.0421f,-0.9907f,-0.7191f,0.017f,-0.9989f,0.0447f,-0.1247f,0f,0f,0f,1f],start_interpolation: 0,interpolation_duration: 1}
$data merge entity $(bone_left_arm) {transformation: [-0.5757f,0.8142f,0.0746f,0.25f,0f,0.0912f,-0.9958f,-0.7187f,-0.8176f,-0.5733f,-0.0525f,-0.0312f,0f,0f,0f,1f],start_interpolation: 0,interpolation_duration: 1}