# This file was generated by Animated Java via MC-Build. It is not recommended to edit this file directly.
$data merge entity $(bone_broom) {transformation: [-0.6617f,-0.7461f,-0.0746f,0.0359f,-0.7498f,0.6572f,0.0775f,-1.2902f,-0.0088f,0.1072f,-0.9942f,0.5589f,0f,0f,0f,1f],start_interpolation: 0,interpolation_duration: 1}
$data merge entity $(bone_right_arm) {transformation: [0.6617f,-0.0746f,-0.7461f,-0.25f,0.7498f,0.0775f,0.6572f,-1.0893f,0.0088f,-0.9942f,0.1072f,-0.0389f,0f,0f,0f,1f],start_interpolation: 0,interpolation_duration: 1}
$data merge entity $(bone_left_arm) {transformation: [-0.9997f,0.0009f,0.0235f,0.25f,0f,0.9993f,-0.0363f,-0.7187f,-0.0235f,-0.0363f,-0.9991f,-0.0312f,0f,0f,0f,1f],start_interpolation: 0,interpolation_duration: 1}