# This file was generated by Animated Java via MC-Build. It is not recommended to edit this file directly.
$data merge entity $(bone_broom) {transformation: [0.9914f,-0.1285f,-0.0227f,-0.2429f,-0.1294f,-0.9907f,-0.0421f,-0.4079f,-0.017f,0.0447f,-0.9989f,0.4937f,0f,0f,0f,1f],start_interpolation: 0,interpolation_duration: 1}
$data merge entity $(bone_right_arm) {transformation: [-0.9914f,-0.0227f,-0.1285f,-0.25f,0.1294f,-0.0421f,-0.9907f,-0.7187f,0.017f,-0.9989f,0.0447f,-0.125f,0f,0f,0f,1f],start_interpolation: 0,interpolation_duration: 1}
$data merge entity $(bone_left_arm) {transformation: [-0.5736f,0.816f,0.0714f,0.25f,0f,0.0872f,-0.9962f,-0.7187f,-0.8192f,-0.5714f,-0.05f,-0.0312f,0f,0f,0f,1f],start_interpolation: 0,interpolation_duration: 1}