# This file was generated by Animated Java via MC-Build. It is not recommended to edit this file directly.
$data merge entity $(bone_broom) {transformation: [-0.4718f,-0.8777f,-0.0841f,0.0706f,-0.8816f,0.4686f,0.0559f,-1.132f,-0.0097f,0.1006f,-0.9949f,0.56f,0f,0f,0f,1f],start_interpolation: 0,interpolation_duration: 1}
$data merge entity $(bone_right_arm) {transformation: [0.4718f,-0.0841f,-0.8777f,-0.25f,0.8816f,0.0559f,0.4686f,-1.0034f,0.0097f,-0.9949f,0.1006f,-0.0402f,0f,0f,0f,1f],start_interpolation: 0,interpolation_duration: 1}
$data merge entity $(bone_left_arm) {transformation: [-0.9991f,0.0027f,0.0414f,0.25f,0f,0.9979f,-0.0641f,-0.7187f,-0.0415f,-0.064f,-0.9971f,-0.0312f,0f,0f,0f,1f],start_interpolation: 0,interpolation_duration: 1}