# This file was generated by Animated Java via MC-Build. It is not recommended to edit this file directly.
$data merge entity $(bone_broom) {transformation: [-0.2734f,-0.9579f,-0.0879f,0.0869f,-0.9619f,0.2712f,0.0358f,-0.9996f,-0.0105f,0.0944f,-0.9955f,0.5613f,0f,0f,0f,1f],start_interpolation: 0,interpolation_duration: 1}
$data merge entity $(bone_right_arm) {transformation: [0.2734f,-0.0879f,-0.9579f,-0.25f,0.9619f,0.0358f,0.2712f,-0.9428f,0.0105f,-0.9955f,0.0944f,-0.041f,0f,0f,0f,1f],start_interpolation: 0,interpolation_duration: 1}
$data merge entity $(bone_left_arm) {transformation: [-0.9979f,0.0064f,0.0639f,0.25f,0f,0.9951f,-0.0992f,-0.7187f,-0.0643f,-0.099f,-0.993f,-0.0312f,0f,0f,0f,1f],start_interpolation: 0,interpolation_duration: 1}