# This file was generated by Animated Java via MC-Build. It is not recommended to edit this file directly.
$data merge entity $(bone_broom) {transformation: [-0.0788f,-0.993f,-0.0875f,0.088f,-0.9968f,0.0775f,0.0181f,-0.8895f,-0.0112f,0.0887f,-0.996f,0.5626f,0f,0f,0f,1f],start_interpolation: 0,interpolation_duration: 1}
$data merge entity $(bone_right_arm) {transformation: [0.0788f,-0.0875f,-0.993f,-0.25f,0.9968f,0.0181f,0.0775f,-0.8998f,0.0112f,-0.996f,0.0887f,-0.0416f,0f,0f,0f,1f],start_interpolation: 0,interpolation_duration: 1}
$data merge entity $(bone_left_arm) {transformation: [-0.9958f,0.0129f,0.0906f,0.25f,0f,0.99f,-0.1412f,-0.7187f,-0.0915f,-0.1406f,-0.9858f,-0.0312f,0f,0f,0f,1f],start_interpolation: 0,interpolation_duration: 1}