# This file was generated by Animated Java via MC-Build. It is not recommended to edit this file directly.
$data merge entity $(bone_broom) {transformation: [0.1031f,-0.9911f,-0.0842f,0.0774f,-0.9946f,-0.1037f,0.0032f,-0.7988f,-0.0119f,0.0834f,-0.9964f,0.564f,0f,0f,0f,1f],start_interpolation: 0,interpolation_duration: 1}
$data merge entity $(bone_right_arm) {transformation: [-0.1031f,-0.0842f,-0.9911f,-0.25f,0.9946f,0.0032f,-0.1037f,-0.8695f,0.0119f,-0.9964f,0.0834f,-0.0421f,0f,0f,0f,1f],start_interpolation: 0,interpolation_duration: 1}
$data merge entity $(bone_left_arm) {transformation: [-0.9924f,0.0233f,0.1207f,0.25f,0f,0.9819f,-0.1894f,-0.7187f,-0.123f,-0.1879f,-0.9745f,-0.0312f,0f,0f,0f,1f],start_interpolation: 0,interpolation_duration: 1}