# This file was generated by Animated Java via MC-Build. It is not recommended to edit this file directly.
$data merge entity $(bone_broom) {transformation: [0.267f,-0.9604f,-0.0791f,0.0584f,-0.9636f,-0.2671f,-0.0089f,-0.7251f,-0.0126f,0.0786f,-0.9968f,0.5653f,0f,0f,0f,1f],start_interpolation: 0,interpolation_duration: 1}
$data merge entity $(bone_right_arm) {transformation: [-0.267f,-0.0791f,-0.9604f,-0.25f,0.9636f,-0.0089f,-0.2671f,-0.848f,0.0126f,-0.9968f,0.0786f,-0.0424f,0f,0f,0f,1f],start_interpolation: 0,interpolation_duration: 1}
$data merge entity $(bone_left_arm) {transformation: [-0.9874f,0.0384f,0.1534f,0.25f,0f,0.97f,-0.243f,-0.7187f,-0.1581f,-0.2399f,-0.9578f,-0.0312f,0f,0f,0f,1f],start_interpolation: 0,interpolation_duration: 1}