# This file was generated by Animated Java via MC-Build. It is not recommended to edit this file directly.
$data merge entity $(bone_broom) {transformation: [0.4103f,-0.909f,-0.073f,0.0338f,-0.9119f,-0.4101f,-0.0185f,-0.666f,-0.0131f,0.0742f,-0.9972f,0.5666f,0f,0f,0f,1f],start_interpolation: 0,interpolation_duration: 1}
$data merge entity $(bone_right_arm) {transformation: [-0.4103f,-0.073f,-0.909f,-0.25f,0.9119f,-0.0185f,-0.4101f,-0.8329f,0.0131f,-0.9972f,0.0742f,-0.0426f,0f,0f,0f,1f],start_interpolation: 0,interpolation_duration: 1}
$data merge entity $(bone_left_arm) {transformation: [-0.9805f,0.0592f,0.1874f,0.25f,0f,0.9536f,-0.301f,-0.7187f,-0.1966f,-0.2952f,-0.935f,-0.0312f,0f,0f,0f,1f],start_interpolation: 0,interpolation_duration: 1}