# This file was generated by Animated Java via MC-Build. It is not recommended to edit this file directly.
$data merge entity $(bone_head) {transformation: [-0.9996f,-0.0193f,0.0198f,0.0018f,-0.0148f,0.9786f,0.2054f,-0.8622f,-0.0233f,0.2051f,-0.9785f,0.083f,0f,0f,0f,1f],start_interpolation: 0,interpolation_duration: 1}
$data merge entity $(bone_knife) {transformation: [-0.9871f,-0.0462f,0.1531f,-0.5019f,0.014f,0.9287f,0.3704f,-1.9978f,-0.1593f,0.3678f,-0.9162f,-0.4263f,0f,0f,0f,1f],start_interpolation: 0,interpolation_duration: 1}
$data merge entity $(bone_right_arm) {transformation: [-0.9871f,-0.0462f,0.1531f,-0.3684f,0.014f,0.9287f,0.3704f,-0.8569f,-0.1593f,0.3678f,-0.9162f,0.0232f,0f,0f,0f,1f],start_interpolation: 0,interpolation_duration: 1}
$data merge entity $(bone_left_arm) {transformation: [-0.9871f,0.0655f,0.1458f,0.372f,0.014f,0.9439f,-0.3298f,-0.8674f,-0.1593f,-0.3235f,-0.9327f,0.1427f,0f,0f,0f,1f],start_interpolation: 0,interpolation_duration: 1}
$data merge entity $(bone_torso) {transformation: [-0.9871f,0.0017f,0.1599f,0f,0.014f,0.997f,0.0757f,-1.9371f,-0.1593f,0.077f,-0.9842f,0f,0f,0f,0f,1f],start_interpolation: 0,interpolation_duration: 1}
$data merge entity $(bone_right_leg) {transformation: [-1f,0f,0f,-0.2344f,0f,0.9239f,0.3827f,-1.9344f,0f,0.3827f,-0.9239f,-0.0313f,0f,0f,0f,1f],start_interpolation: 0,interpolation_duration: 1}
$data merge entity $(bone_left_leg) {transformation: [-1f,0f,0f,0.2344f,0f,0.9063f,-0.4225f,-2.0312f,0f,-0.4225f,-0.9063f,0f,0f,0f,0f,1f],start_interpolation: 0,interpolation_duration: 1}
data modify entity @s data merge value {"cameras":{},"locators":{"left_arm_grab":{"posx":0.49306361057835524,"posy":-2.1476532455220156,"posz":0.6142990274204347,"roty":8.886155688817468,"rotx":-19.256476321328122}}}