# This file was generated by Animated Java via MC-Build. It is not recommended to edit this file directly.
$data merge entity $(bone_head) {transformation: [-0.9997f,0.0227f,0.0015f,0f,0.0225f,0.9765f,0.2145f,-0.8635f,0.0034f,0.2145f,-0.9767f,0.094f,0f,0f,0f,1f],start_interpolation: 0,interpolation_duration: 1}
$data merge entity $(bone_knife) {transformation: [-0.9848f,-0.0734f,-0.1574f,-0.4596f,-0.0151f,0.9391f,-0.3432f,-2.0058f,0.173f,-0.3356f,-0.926f,0.6292f,0f,0f,0f,1f],start_interpolation: 0,interpolation_duration: 1}
$data merge entity $(bone_right_arm) {transformation: [-0.9848f,-0.0734f,-0.1574f,-0.3693f,-0.0151f,0.9391f,-0.3432f,-0.8692f,0.173f,-0.3356f,-0.926f,0.1588f,0f,0f,0f,1f],start_interpolation: 0,interpolation_duration: 1}
$data merge entity $(bone_left_arm) {transformation: [-0.9848f,0.0522f,-0.1656f,0.3693f,-0.0151f,0.9243f,0.3814f,-0.8578f,0.173f,0.3781f,-0.9094f,0.0291f,0f,0f,0f,1f],start_interpolation: 0,interpolation_duration: 1}
$data merge entity $(bone_torso) {transformation: [-0.9848f,0f,-0.1736f,0f,-0.0151f,0.9962f,0.0858f,-1.9375f,0.173f,0.0872f,-0.9811f,0f,0f,0f,0f,1f],start_interpolation: 0,interpolation_duration: 1}
$data merge entity $(bone_right_leg) {transformation: [-1f,0f,0f,-0.2344f,0f,0.9063f,-0.4226f,-1.9844f,0f,-0.4226f,-0.9063f,0f,0f,0f,0f,1f],start_interpolation: 0,interpolation_duration: 1}
$data merge entity $(bone_left_leg) {transformation: [-1f,0f,0f,0.2344f,0f,0.9239f,0.3827f,-2f,0f,0.3827f,-0.9239f,-0.0312f,0f,0f,0f,1f],start_interpolation: 0,interpolation_duration: 1}
data modify entity @s data merge value {"cameras":{},"locators":{"left_arm_grab":{"posx":0.5079184076934936,"posy":-2.1052493654324156,"posz":-0.5193257392113615,"roty":349.6794524767225,"rotx":22.42170715879411}}}