# This file was generated by Animated Java via MC-Build. It is not recommended to edit this file directly.
$data merge entity $(bone_head) {transformation: [-0.9996f,0.0193f,-0.0198f,-0.0018f,0.0148f,0.9786f,0.2054f,-0.8601f,0.0233f,0.2051f,-0.9785f,0.083f,0f,0f,0f,1f],start_interpolation: 0,interpolation_duration: 1}
$data merge entity $(bone_knife) {transformation: [-0.9871f,-0.0691f,-0.1442f,-0.4684f,-0.014f,0.9356f,-0.3528f,-1.9972f,0.1593f,-0.3462f,-0.9245f,0.6234f,0f,0f,0f,1f],start_interpolation: 0,interpolation_duration: 1}
$data merge entity $(bone_right_arm) {transformation: [-0.9871f,-0.0691f,-0.1442f,-0.372f,-0.014f,0.9356f,-0.3528f,-0.8653f,0.1593f,-0.3462f,-0.9245f,0.1427f,0f,0f,0f,1f],start_interpolation: 0,interpolation_duration: 1}
$data merge entity $(bone_left_arm) {transformation: [-0.9871f,0.0462f,-0.1531f,0.3684f,-0.014f,0.9287f,0.3704f,-0.8548f,0.1593f,0.3678f,-0.9162f,0.0232f,0f,0f,0f,1f],start_interpolation: 0,interpolation_duration: 1}
$data merge entity $(bone_torso) {transformation: [-0.9871f,-0.0017f,-0.1599f,0f,-0.014f,0.997f,0.0757f,-1.935f,0.1593f,0.077f,-0.9842f,0f,0f,0f,0f,1f],start_interpolation: 0,interpolation_duration: 1}
$data merge entity $(bone_right_leg) {transformation: [-1f,0f,0f,-0.2344f,0f,0.9063f,-0.4225f,-1.9844f,0f,-0.4225f,-0.9063f,0f,0f,0f,0f,1f],start_interpolation: 0,interpolation_duration: 1}
$data merge entity $(bone_left_leg) {transformation: [-1f,0f,0f,0.2344f,0f,0.9239f,0.3827f,-1.9812f,0f,0.3827f,-0.9239f,-0.0312f,0f,0f,0f,1f],start_interpolation: 0,interpolation_duration: 1}
data modify entity @s data merge value {"cameras":{},"locators":{"left_arm_grab":{"posx":0.5155949758343745,"posy":-2.1085857610976673,"posz":-0.5083147241078438,"roty":350.51551520900034,"rotx":21.743348196099614}}}