# This file was generated by Animated Java via MC-Build. It is not recommended to edit this file directly.
$data merge entity $(bone_head) {transformation: [-0.9999f,0.0106f,-0.0135f,-0.0054f,0.0081f,0.9844f,0.1756f,-0.8505f,0.0151f,0.1755f,-0.9844f,0.0495f,0f,0f,0f,1f],start_interpolation: 0,interpolation_duration: 1}
$data merge entity $(bone_knife) {transformation: [-0.993f,-0.0545f,-0.1051f,-0.4942f,-0.0104f,0.9244f,-0.3813f,-1.971f,0.118f,-0.3776f,-0.9184f,0.6048f,0f,0f,0f,1f],start_interpolation: 0,interpolation_duration: 1}
$data merge entity $(bone_right_arm) {transformation: [-0.993f,-0.0545f,-0.1051f,-0.3777f,-0.0104f,0.9244f,-0.3813f,-0.8544f,0.118f,-0.3776f,-0.9184f,0.0938f,0f,0f,0f,1f],start_interpolation: 0,interpolation_duration: 1}
$data merge entity $(bone_left_arm) {transformation: [-0.993f,0.0277f,-0.1151f,0.367f,-0.0104f,0.948f,0.318f,-0.8466f,0.118f,0.317f,-0.9411f,0.0053f,0f,0f,0f,1f],start_interpolation: 0,interpolation_duration: 1}
$data merge entity $(bone_torso) {transformation: [-0.993f,-0.005f,-0.1183f,0f,-0.0104f,0.9989f,0.045f,-1.9275f,0.118f,0.0459f,-0.992f,0f,0f,0f,0f,1f],start_interpolation: 0,interpolation_duration: 1}
$data merge entity $(bone_right_leg) {transformation: [-1f,0f,0f,-0.2344f,0f,0.9069f,-0.4214f,-1.9844f,0f,-0.4214f,-0.9069f,0f,0f,0f,0f,1f],start_interpolation: 0,interpolation_duration: 1}
$data merge entity $(bone_left_leg) {transformation: [-1f,0f,0f,0.2344f,0f,0.9239f,0.3827f,-1.9625f,0f,0.3827f,-0.9239f,-0.0312f,0f,0f,0f,1f],start_interpolation: 0,interpolation_duration: 1}
data modify entity @s data merge value {"cameras":{},"locators":{"left_arm_grab":{"posx":0.5404502758287488,"posy":-2.1272207004571495,"posz":-0.4486952749676509,"roty":353.0263275649753,"rotx":18.54452344806339}}}