# This file was generated by Animated Java via MC-Build. It is not recommended to edit this file directly.
$data merge entity $(bone_head) {transformation: [-0.9999f,0.0024f,0.014f,-0.0054f,0.0042f,0.9916f,0.1294f,-0.8381f,-0.0136f,0.1295f,-0.9915f,-0.0014f,0f,0f,0f,1f],start_interpolation: 0,interpolation_duration: 1}
$data merge entity $(bone_knife) {transformation: [-0.9984f,-0.028f,-0.0483f,-0.5313f,-0.0049f,0.9056f,-0.4241f,-1.9314f,0.0556f,-0.4232f,-0.9043f,0.5738f,0f,0f,0f,1f],start_interpolation: 0,interpolation_duration: 1}
$data merge entity $(bone_right_arm) {transformation: [-0.9984f,-0.028f,-0.0483f,-0.3798f,-0.0049f,0.9056f,-0.4241f,-0.84f,0.0556f,-0.4232f,-0.9043f,0.0194f,0f,0f,0f,1f],start_interpolation: 0,interpolation_duration: 1}
$data merge entity $(bone_left_arm) {transformation: [-0.9984f,0.0062f,-0.0555f,0.369f,-0.0049f,0.9801f,0.1984f,-0.8363f,0.0556f,0.1984f,-0.9785f,-0.0223f,0f,0f,0f,1f],start_interpolation: 0,interpolation_duration: 1}
$data merge entity $(bone_torso) {transformation: [-0.9984f,-0.005f,-0.0556f,0f,-0.0049f,1f,-0.0016f,-1.9162f,0.0556f,-0.0013f,-0.9985f,0f,0f,0f,0f,1f],start_interpolation: 0,interpolation_duration: 1}
$data merge entity $(bone_right_leg) {transformation: [-1f,0f,0f,-0.2344f,0f,0.9091f,-0.4165f,-1.9844f,0f,-0.4165f,-0.9091f,0f,0f,0f,0f,1f],start_interpolation: 0,interpolation_duration: 1}
$data merge entity $(bone_left_leg) {transformation: [-1f,0f,0f,0.2344f,0f,0.9239f,0.3827f,-1.9437f,0f,0.3827f,-0.9239f,-0.0312f,0f,0f,0f,1f],start_interpolation: 0,interpolation_duration: 1}
data modify entity @s data merge value {"cameras":{},"locators":{"left_arm_grab":{"posx":0.5727743704124459,"posy":-2.1614584075329546,"posz":-0.30252745689233834,"roty":356.75531235066944,"rotx":11.444747708456894}}}