# This file was generated by Animated Java via MC-Build. It is not recommended to edit this file directly.
$data merge entity $(bone_head) {transformation: [-0.9998f,0.0002f,0.0209f,-0.0018f,0.0022f,0.9952f,0.098f,-0.8312f,-0.0208f,0.098f,-0.995f,-0.0356f,0f,0f,0f,1f],start_interpolation: 0,interpolation_duration: 1}
$data merge entity $(bone_knife) {transformation: [-0.9999f,-0.0074f,-0.0118f,-0.5549f,-0.0012f,0.8918f,-0.4524f,-1.9047f,0.0139f,-0.4523f,-0.8918f,0.5513f,0f,0f,0f,1f],start_interpolation: 0,interpolation_duration: 1}
$data merge entity $(bone_right_arm) {transformation: [-0.9999f,-0.0074f,-0.0118f,-0.3768f,-0.0012f,0.8918f,-0.4524f,-0.8317f,0.0139f,-0.4523f,-0.8918f,-0.0304f,0f,0f,0f,1f],start_interpolation: 0,interpolation_duration: 1}
$data merge entity $(bone_left_arm) {transformation: [-0.9999f,0.0008f,-0.0139f,0.3731f,-0.0012f,0.9898f,0.1426f,-0.8308f,0.0139f,0.1427f,-0.9897f,-0.0408f,0f,0f,0f,1f],start_interpolation: 0,interpolation_duration: 1}
$data merge entity $(bone_torso) {transformation: [-0.9999f,-0.0017f,-0.0139f,0f,-0.0012f,0.9995f,-0.0331f,-1.9087f,0.0139f,-0.033f,-0.9994f,0f,0f,0f,0f,1f],start_interpolation: 0,interpolation_duration: 1}
$data merge entity $(bone_right_leg) {transformation: [-1f,0f,0f,-0.2344f,0f,0.9151f,-0.4033f,-1.9844f,0f,-0.4033f,-0.9151f,0f,0f,0f,0f,1f],start_interpolation: 0,interpolation_duration: 1}
$data merge entity $(bone_left_leg) {transformation: [-1f,0f,0f,0.2344f,0f,0.9239f,0.3827f,-1.925f,0f,0.3827f,-0.9239f,-0.0312f,0f,0f,0f,1f],start_interpolation: 0,interpolation_duration: 1}
data modify entity @s data merge value {"cameras":{},"locators":{"left_arm_grab":{"posx":0.5845839814194211,"posy":-2.1697792174239288,"posz":-0.23682387751327616,"roty":359.19292433201167,"rotx":8.201152745773154}}}