# This file was generated by Animated Java via MC-Build. It is not recommended to edit this file directly.
$data merge entity $(bone_head) {transformation: [-1f,0f,0f,0f,0f,0.9962f,0.0872f,-0.8292f,0f,0.0872f,-0.9962f,-0.047f,0f,0f,0f,1f],start_interpolation: 0,interpolation_duration: 1}
$data merge entity $(bone_knife) {transformation: [-1f,0f,0f,-0.5625f,0f,0.887f,-0.4617f,-1.8958f,0f,-0.4617f,-0.887f,0.5434f,0f,0f,0f,1f],start_interpolation: 0,interpolation_duration: 1}
$data merge entity $(bone_right_arm) {transformation: [-1f,0f,0f,-0.375f,0f,0.887f,-0.4617f,-0.8292f,0f,-0.4617f,-0.887f,-0.047f,0f,0f,0f,1f],start_interpolation: 0,interpolation_duration: 1}
$data merge entity $(bone_left_arm) {transformation: [-1f,0f,0f,0.375f,0f,0.9914f,0.1305f,-0.8292f,0f,0.1305f,-0.9914f,-0.047f,0f,0f,0f,1f],start_interpolation: 0,interpolation_duration: 1}
$data merge entity $(bone_torso) {transformation: [-1f,0f,0f,0f,0f,0.999f,-0.0436f,-1.9062f,0f,-0.0436f,-0.999f,0f,0f,0f,0f,1f],start_interpolation: 0,interpolation_duration: 1}
$data merge entity $(bone_right_leg) {transformation: [-1f,0f,0f,-0.2344f,0f,0.927f,-0.3751f,-1.9844f,0f,-0.3751f,-0.927f,0f,0f,0f,0f,1f],start_interpolation: 0,interpolation_duration: 1}
$data merge entity $(bone_left_leg) {transformation: [-1f,0f,0f,0.2344f,0f,0.9239f,0.3827f,-1.9062f,0f,0.3827f,-0.9239f,-0.0312f,0f,0f,0f,1f],start_interpolation: 0,interpolation_duration: 1}
data modify entity @s data merge value {"cameras":{},"locators":{"left_arm_grab":{"posx":0.5875,"posy":-2.1706999641534965,"posz":-0.2236454058510101,"roty":0,"rotx":7.5}}}