# This file was generated by Animated Java via MC-Build. It is not recommended to edit this file directly.
$data merge entity $(bone_head) {transformation: [-0.9996f,-0.0001f,-0.0293f,0.0008f,-0.0027f,0.9958f,0.0916f,-0.83f,0.0292f,0.0917f,-0.9954f,-0.0425f,0f,0f,0f,1f],start_interpolation: 0,interpolation_duration: 1}
$data merge entity $(bone_knife) {transformation: [-1f,0.0029f,0.0048f,-0.5654f,0.0005f,0.8996f,-0.4368f,-1.9124f,-0.0056f,-0.4368f,-0.8996f,0.5148f,0f,0f,0f,1f],start_interpolation: 0,interpolation_duration: 1}
$data merge entity $(bone_right_arm) {transformation: [-1f,0.0029f,0.0048f,-0.3742f,0.0005f,0.8996f,-0.4368f,-0.8298f,-0.0056f,-0.4368f,-0.8996f,-0.0446f,0f,0f,0f,1f],start_interpolation: 0,interpolation_duration: 1}
$data merge entity $(bone_left_arm) {transformation: [-1f,0f,0.0056f,0.3758f,0.0005f,0.9963f,0.0862f,-0.8301f,-0.0056f,0.0862f,-0.9963f,-0.0404f,0f,0f,0f,1f],start_interpolation: 0,interpolation_duration: 1}
$data merge entity $(bone_torso) {transformation: [-1f,0.0007f,0.0055f,0f,0.0005f,0.9992f,-0.0394f,-1.9072f,-0.0056f,-0.0394f,-0.9992f,0f,0f,0f,0f,1f],start_interpolation: 0,interpolation_duration: 1}
$data merge entity $(bone_right_leg) {transformation: [-1f,0f,0f,-0.2344f,0f,0.9464f,-0.323f,-1.9844f,0f,-0.323f,-0.9464f,0f,0f,0f,0f,1f],start_interpolation: 0,interpolation_duration: 1}
$data merge entity $(bone_left_leg) {transformation: [-1f,0f,0f,0.2344f,0f,0.9255f,0.3788f,-1.9062f,0f,0.3788f,-0.9255f,-0.0312f,0f,0f,0f,1f],start_interpolation: 0,interpolation_duration: 1}
data modify entity @s data merge value {"cameras":{},"locators":{"left_arm_grab":{"posx":0.5882425418299517,"posy":-2.178344785613808,"posz":-0.15577652004429743,"roty":0.32120620373885345,"rotx":4.942298108230319}}}