# This file was generated by Animated Java via MC-Build. It is not recommended to edit this file directly.
$data merge entity $(bone_head) {transformation: [-0.9997f,-0.0015f,-0.0252f,0.0047f,-0.0046f,0.9926f,0.1211f,-0.8362f,0.0248f,0.1212f,-0.9923f,-0.0105f,0f,0f,0f,1f],start_interpolation: 0,interpolation_duration: 1}
$data merge entity $(bone_knife) {transformation: [-0.999f,0.0151f,0.042f,-0.5769f,0.0039f,0.9673f,-0.2536f,-2.005f,-0.0445f,-0.2532f,-0.9664f,0.3032f,0f,0f,0f,1f],start_interpolation: 0,interpolation_duration: 1}
$data merge entity $(bone_right_arm) {transformation: [-0.999f,0.0151f,0.042f,-0.3699f,0.0039f,0.9673f,-0.2536f,-0.8347f,-0.0445f,-0.2532f,-0.9664f,-0.0272f,0f,0f,0f,1f],start_interpolation: 0,interpolation_duration: 1}
$data merge entity $(bone_left_arm) {transformation: [-0.999f,0.0053f,0.0444f,0.3793f,0.0039f,0.9995f,-0.0309f,-0.8377f,-0.0445f,-0.0307f,-0.9985f,0.0062f,0f,0f,0f,1f],start_interpolation: 0,interpolation_duration: 1}
$data merge entity $(bone_torso) {transformation: [-0.999f,0.0044f,0.0445f,0f,0.0039f,0.9999f,-0.01f,-1.9142f,-0.0445f,-0.0098f,-0.999f,0f,0f,0f,0f,1f],start_interpolation: 0,interpolation_duration: 1}
$data merge entity $(bone_right_leg) {transformation: [-1f,0f,0f,-0.2344f,0f,0.972f,-0.2351f,-1.9844f,0f,-0.2351f,-0.972f,0f,0f,0f,0f,1f],start_interpolation: 0,interpolation_duration: 1}
$data merge entity $(bone_left_leg) {transformation: [-1f,0f,0f,0.2344f,0f,0.9672f,0.2541f,-1.9062f,0f,0.2541f,-0.9672f,-0.0312f,0f,0f,0f,1f],start_interpolation: 0,interpolation_duration: 1}
data modify entity @s data merge value {"cameras":{},"locators":{"left_arm_grab":{"posx":0.5844538033447574,"posy":-2.190964263017748,"posz":0.05713241559975673,"roty":2.543218805951085,"rotx":-1.7703714178386616}}}