# This file was generated by Animated Java via MC-Build. It is not recommended to edit this file directly.
$data merge entity $(bone_head) {transformation: [-0.9996f,-0.0127f,0.0245f,0.0047f,-0.008f,0.9829f,0.1838f,-0.853f,-0.0264f,0.1835f,-0.9827f,0.0585f,0f,0f,0f,1f],start_interpolation: 0,interpolation_duration: 1}
$data merge entity $(bone_knife) {transformation: [-0.9916f,-0.0106f,0.1291f,-0.5442f,0.0113f,0.9857f,0.168f,-2.0532f,-0.129f,0.1681f,-0.9773f,-0.1883f,0f,0f,0f,1f],start_interpolation: 0,interpolation_duration: 1}
$data merge entity $(bone_right_arm) {transformation: [-0.9916f,-0.0106f,0.1291f,-0.3671f,0.0113f,0.9857f,0.168f,-0.8487f,-0.129f,0.1681f,-0.9773f,0.0101f,0f,0f,0f,1f],start_interpolation: 0,interpolation_duration: 1}
$data merge entity $(bone_left_arm) {transformation: [-0.9916f,0.0351f,0.1246f,0.3765f,0.0113f,0.9824f,-0.1865f,-0.8572f,-0.129f,-0.1835f,-0.9745f,0.1069f,0f,0f,0f,1f],start_interpolation: 0,interpolation_duration: 1}
$data merge entity $(bone_torso) {transformation: [-0.9916f,0.0044f,0.1294f,0f,0.0113f,0.9985f,0.0532f,-1.9295f,-0.129f,0.0543f,-0.9902f,0f,0f,0f,0f,1f],start_interpolation: 0,interpolation_duration: 1}
$data merge entity $(bone_right_leg) {transformation: [-1f,0f,0f,-0.2344f,0f,0.9953f,-0.0966f,-1.9844f,0f,-0.0966f,-0.9953f,0f,0f,0f,0f,1f],start_interpolation: 0,interpolation_duration: 1}
$data merge entity $(bone_left_leg) {transformation: [-1f,0f,0f,0.2344f,0f,0.9552f,-0.296f,-1.9062f,0f,-0.296f,-0.9552f,-0.0312f,0f,0f,0f,1f],start_interpolation: 0,interpolation_duration: 1}
data modify entity @s data merge value {"cameras":{},"locators":{"left_arm_grab":{"posx":0.5397544363146906,"posy":-2.1889386491779295,"posz":0.3825686843003991,"roty":7.288584909571966,"rotx":-10.746712467340025}}}