# This file was generated by Animated Java via MC-Build. It is not recommended to edit this file directly.
$data merge entity $(bone_head) {transformation: [-0.9994f,-0.0213f,0.028f,0.0008f,-0.0149f,0.9773f,0.2115f,-0.8621f,-0.0318f,0.2109f,-0.977f,0.0896f,0f,0f,0f,1f],start_interpolation: 0,interpolation_duration: 1}
$data merge entity $(bone_knife) {transformation: [-0.9858f,-0.0461f,0.1617f,-0.5026f,0.0147f,0.9345f,0.3556f,-2.0039f,-0.1675f,0.3529f,-0.9205f,-0.406f,0f,0f,0f,1f],start_interpolation: 0,interpolation_duration: 1}
$data merge entity $(bone_right_arm) {transformation: [-0.9858f,-0.0461f,0.1617f,-0.3689f,0.0147f,0.9345f,0.3556f,-0.8566f,-0.1675f,0.3529f,-0.9205f,0.0268f,0f,0f,0f,1f],start_interpolation: 0,interpolation_duration: 1}
$data merge entity $(bone_left_arm) {transformation: [-0.9858f,0.0642f,0.1554f,0.3704f,0.0147f,0.9536f,-0.3008f,-0.8676f,-0.1675f,-0.2943f,-0.9409f,0.1524f,0f,0f,0f,1f],start_interpolation: 0,interpolation_duration: 1}
$data merge entity $(bone_torso) {transformation: [-0.9858f,0.0007f,0.1681f,0f,0.0147f,0.9965f,0.0818f,-1.9365f,-0.1675f,0.0831f,-0.9824f,0f,0f,0f,0f,1f],start_interpolation: 0,interpolation_duration: 1}
$data merge entity $(bone_right_leg) {transformation: [-1f,0f,0f,-0.2344f,0f,0.9942f,0.1074f,-1.9802f,0f,0.1074f,-0.9942f,-0.0042f,0f,0f,0f,1f],start_interpolation: 0,interpolation_duration: 1}
$data merge entity $(bone_left_leg) {transformation: [-1f,0f,0f,0.2344f,0f,0.9081f,-0.4188f,-1.9687f,0f,-0.4188f,-0.9081f,-0.0156f,0f,0f,0f,1f],start_interpolation: 0,interpolation_duration: 1}
data modify entity @s data merge value {"cameras":{},"locators":{"left_arm_grab":{"posx":0.49304540905792904,"posy":-2.1610171928883957,"posz":0.5861442690008309,"roty":9.378785980087343,"rotx":-17.506549164776334}}}