# This file was generated by Animated Java via MC-Build. It is not recommended to edit this file directly.
$data merge entity $(bone_head) {transformation: [-0.9999f,-0.0024f,-0.014f,0.0054f,-0.0042f,0.9916f,0.1294f,-0.8345f,0.0136f,0.1295f,-0.9915f,-0.0014f,0f,0f,0f,1f],start_interpolation: 0,interpolation_duration: 1}
$data merge entity $(bone_knife) {transformation: [-0.9984f,-0.0062f,0.0555f,-0.5504f,0.0049f,0.9801f,0.1984f,-2.0325f,-0.0556f,0.1984f,-0.9785f,-0.2439f,0f,0f,0f,1f],start_interpolation: 0,interpolation_duration: 1}
$data merge entity $(bone_right_arm) {transformation: [-0.9984f,-0.0062f,0.0555f,-0.369f,0.0049f,0.9801f,0.1984f,-0.8327f,-0.0556f,0.1984f,-0.9785f,-0.0223f,0f,0f,0f,1f],start_interpolation: 0,interpolation_duration: 1}
$data merge entity $(bone_left_arm) {transformation: [-0.9984f,0.0175f,0.053f,0.3798f,0.0049f,0.9736f,-0.2282f,-0.8364f,-0.0556f,-0.2276f,-0.9722f,0.0194f,0f,0f,0f,1f],start_interpolation: 0,interpolation_duration: 1}
$data merge entity $(bone_torso) {transformation: [-0.9984f,0.005f,0.0556f,0f,0.0049f,1f,-0.0016f,-1.9126f,-0.0556f,-0.0013f,-0.9985f,0f,0f,0f,0f,1f],start_interpolation: 0,interpolation_duration: 1}
$data merge entity $(bone_right_leg) {transformation: [-1f,0f,0f,-0.2344f,0f,0.9239f,0.3827f,-1.8969f,0f,0.3827f,-0.9239f,-0.0313f,0f,0f,0f,1f],start_interpolation: 0,interpolation_duration: 1}
$data merge entity $(bone_left_leg) {transformation: [-1f,0f,0f,0.2344f,0f,0.9091f,-0.4165f,-2.0312f,0f,-0.4165f,-0.9091f,0f,0f,0f,0f,1f],start_interpolation: 0,interpolation_duration: 1}
data modify entity @s data merge value {"cameras":{},"locators":{"left_arm_grab":{"posx":0.5683354113786317,"posy":-2.1548298029322686,"posz":0.33919720403496467,"roty":3.121803393689305,"rotx":-13.190950626327465}}}