# This file was generated by Animated Java via MC-Build. It is not recommended to edit this file directly.
$data merge entity $(bone_head) {transformation: [-0.9998f,-0.0002f,-0.0209f,0.0018f,-0.0022f,0.9952f,0.098f,-0.8291f,0.0208f,0.098f,-0.995f,-0.0356f,0f,0f,0f,1f],start_interpolation: 0,interpolation_duration: 1}
$data merge entity $(bone_knife) {transformation: [-0.9999f,-0.0008f,0.0139f,-0.5601f,0.0012f,0.9898f,0.1426f,-2.0392f,-0.0139f,0.1427f,-0.9897f,-0.1864f,0f,0f,0f,1f],start_interpolation: 0,interpolation_duration: 1}
$data merge entity $(bone_right_arm) {transformation: [-0.9999f,-0.0008f,0.0139f,-0.3731f,0.0012f,0.9898f,0.1426f,-0.8287f,-0.0139f,0.1427f,-0.9897f,-0.0408f,0f,0f,0f,1f],start_interpolation: 0,interpolation_duration: 1}
$data merge entity $(bone_left_arm) {transformation: [-0.9999f,0.0038f,0.0134f,0.3768f,0.0012f,0.9823f,-0.1873f,-0.8296f,-0.0139f,-0.1873f,-0.9822f,-0.0304f,0f,0f,0f,1f],start_interpolation: 0,interpolation_duration: 1}
$data merge entity $(bone_torso) {transformation: [-0.9999f,0.0017f,0.0139f,0f,0.0012f,0.9995f,-0.0331f,-1.9066f,-0.0139f,-0.033f,-0.9994f,0f,0f,0f,0f,1f],start_interpolation: 0,interpolation_duration: 1}
$data merge entity $(bone_right_leg) {transformation: [-1f,0f,0f,-0.2344f,0f,0.9239f,0.3827f,-1.8781f,0f,0.3827f,-0.9239f,-0.0313f,0f,0f,0f,1f],start_interpolation: 0,interpolation_duration: 1}
$data merge entity $(bone_left_leg) {transformation: [-1f,0f,0f,0.2344f,0f,0.9151f,-0.4033f,-2.0312f,0f,-0.4033f,-0.9151f,0f,0f,0f,0f,1f],start_interpolation: 0,interpolation_duration: 1}
data modify entity @s data merge value {"cameras":{},"locators":{"left_arm_grab":{"posx":0.5841044032431919,"posy":-2.159016757200601,"posz":0.22592813906111786,"roty":0.7834967853528099,"rotx":-10.794832762442875}}}