# This file was generated by Animated Java via MC-Build. It is not recommended to edit this file directly.
$data merge entity $(bone_head) {transformation: [-0.9998f,0.0002f,0.0209f,-0.0018f,0.0022f,0.9952f,0.098f,-0.8297f,-0.0208f,0.098f,-0.995f,-0.0356f,0f,0f,0f,1f],start_interpolation: 0,interpolation_duration: 1}
$data merge entity $(bone_knife) {transformation: [-0.9999f,0.0001f,-0.014f,-0.5639f,-0.0012f,0.9957f,0.0925f,-2.0468f,0.0139f,0.0925f,-0.9956f,-0.1094f,0f,0f,0f,1f],start_interpolation: 0,interpolation_duration: 1}
$data merge entity $(bone_right_arm) {transformation: [-0.9999f,0.0001f,-0.014f,-0.3768f,-0.0012f,0.9957f,0.0925f,-0.8302f,0.0139f,0.0925f,-0.9956f,-0.0304f,0f,0f,0f,1f],start_interpolation: 0,interpolation_duration: 1}
$data merge entity $(bone_left_arm) {transformation: [-0.9999f,-0.0033f,-0.0136f,0.3731f,-0.0012f,0.9888f,-0.1494f,-0.8293f,0.0139f,-0.1494f,-0.9887f,-0.0408f,0f,0f,0f,1f],start_interpolation: 0,interpolation_duration: 1}
$data merge entity $(bone_torso) {transformation: [-0.9999f,-0.0017f,-0.0139f,0f,-0.0012f,0.9995f,-0.0331f,-1.9072f,0.0139f,-0.033f,-0.9994f,0f,0f,0f,0f,1f],start_interpolation: 0,interpolation_duration: 1}
$data merge entity $(bone_right_leg) {transformation: [-1f,0f,0f,-0.2344f,0f,0.9255f,0.3788f,-1.8594f,0f,0.3788f,-0.9255f,-0.0313f,0f,0f,0f,1f],start_interpolation: 0,interpolation_duration: 1}
$data merge entity $(bone_left_leg) {transformation: [-1f,0f,0f,0.2344f,0f,0.9464f,-0.323f,-2.0312f,0f,-0.323f,-0.9464f,0f,0f,0f,0f,1f],start_interpolation: 0,interpolation_duration: 1}
data modify entity @s data merge value {"cameras":{},"locators":{"left_arm_grab":{"posx":0.590079535945262,"posy":-2.166921351823528,"posz":0.15837932549418607,"roty":359.21371963774936,"rotx":-8.594834473253183}}}