# This file was generated by Animated Java via MC-Build. It is not recommended to edit this file directly.
$data merge entity $(bone_head) {transformation: [-0.9999f,0.0024f,0.014f,-0.0054f,0.0042f,0.9916f,0.1294f,-0.8361f,-0.0136f,0.1295f,-0.9915f,-0.0014f,0f,0f,0f,1f],start_interpolation: 0,interpolation_duration: 1}
$data merge entity $(bone_knife) {transformation: [-0.9984f,-0.0062f,-0.0555f,-0.5578f,-0.0049f,0.9997f,-0.0225f,-2.0566f,0.0556f,-0.0222f,-0.9982f,0.0881f,0f,0f,0f,1f],start_interpolation: 0,interpolation_duration: 1}
$data merge entity $(bone_right_arm) {transformation: [-0.9984f,-0.0062f,-0.0555f,-0.3798f,-0.0049f,0.9997f,-0.0225f,-0.838f,0.0556f,-0.0222f,-0.9982f,0.0194f,0f,0f,0f,1f],start_interpolation: 0,interpolation_duration: 1}
$data merge entity $(bone_left_arm) {transformation: [-0.9984f,-0.0061f,-0.0555f,0.369f,-0.0049f,0.9998f,-0.0208f,-0.8343f,0.0556f,-0.0205f,-0.9982f,-0.0223f,0f,0f,0f,1f],start_interpolation: 0,interpolation_duration: 1}
$data merge entity $(bone_torso) {transformation: [-0.9984f,-0.005f,-0.0556f,0f,-0.0049f,1f,-0.0016f,-1.9142f,0.0556f,-0.0013f,-0.9985f,0f,0f,0f,0f,1f],start_interpolation: 0,interpolation_duration: 1}
$data merge entity $(bone_right_leg) {transformation: [-1f,0f,0f,-0.2344f,0f,0.9672f,0.2541f,-1.8594f,0f,0.2541f,-0.9672f,-0.0313f,0f,0f,0f,1f],start_interpolation: 0,interpolation_duration: 1}
$data merge entity $(bone_left_leg) {transformation: [-1f,0f,0f,0.2344f,0f,0.972f,-0.2351f,-2.0312f,0f,-0.2351f,-0.972f,0f,0f,0f,0f,1f],start_interpolation: 0,interpolation_duration: 1}
data modify entity @s data merge value {"cameras":{},"locators":{"left_arm_grab":{"posx":0.5893993329261258,"posy":-2.186071211005983,"posz":-0.006371646014593058,"roty":356.8181118140287,"rotx":-1.1910981268526932}}}