# This file was generated by Animated Java via MC-Build. It is not recommended to edit this file directly.
$data merge entity $(bone_head) {transformation: [-0.9999f,0.0106f,-0.0135f,-0.0054f,0.0081f,0.9844f,0.1756f,-0.8525f,0.0151f,0.1755f,-0.9844f,0.0495f,0f,0f,0f,1f],start_interpolation: 0,interpolation_duration: 1}
$data merge entity $(bone_knife) {transformation: [-0.993f,-0.0331f,-0.1137f,-0.5201f,-0.0104f,0.9808f,-0.1945f,-2.0477f,0.118f,-0.192f,-0.9743f,0.3803f,0f,0f,0f,1f],start_interpolation: 0,interpolation_duration: 1}
$data merge entity $(bone_right_arm) {transformation: [-0.993f,-0.0331f,-0.1137f,-0.3777f,-0.0104f,0.9808f,-0.1945f,-0.8564f,0.118f,-0.192f,-0.9743f,0.0938f,0f,0f,0f,1f],start_interpolation: 0,interpolation_duration: 1}
$data merge entity $(bone_left_arm) {transformation: [-0.993f,0.0179f,-0.117f,0.367f,-0.0104f,0.9716f,0.2365f,-0.8486f,0.118f,0.2361f,-0.9646f,0.0053f,0f,0f,0f,1f],start_interpolation: 0,interpolation_duration: 1}
$data merge entity $(bone_torso) {transformation: [-0.993f,-0.005f,-0.1183f,0f,-0.0104f,0.9989f,0.045f,-1.9295f,0.118f,0.0459f,-0.992f,0f,0f,0f,0f,1f],start_interpolation: 0,interpolation_duration: 1}
$data merge entity $(bone_right_leg) {transformation: [-1f,0f,0f,-0.2344f,0f,0.9552f,-0.296f,-1.8594f,0f,-0.296f,-0.9552f,-0.0313f,0f,0f,0f,1f],start_interpolation: 0,interpolation_duration: 1}
$data merge entity $(bone_left_leg) {transformation: [-1f,0f,0f,0.2344f,0f,0.9953f,-0.0966f,-2.0312f,0f,-0.0966f,-0.9953f,0f,0f,0f,0f,1f],start_interpolation: 0,interpolation_duration: 1}
data modify entity @s data merge value {"cameras":{},"locators":{"left_arm_grab":{"posx":0.5537922649122081,"posy":-2.1610908253988477,"posz":-0.3391799052361733,"roty":353.08105026156954,"rotx":13.680807363835465}}}