# This file was generated by Animated Java via MC-Build. It is not recommended to edit this file directly.
$data merge entity $(bone_head) {transformation: [-0.9996f,0.0193f,-0.0198f,-0.0018f,0.0148f,0.9786f,0.2054f,-0.8616f,0.0233f,0.2051f,-0.9785f,0.083f,0f,0f,0f,1f],start_interpolation: 0,interpolation_duration: 1}
$data merge entity $(bone_knife) {transformation: [-0.9871f,-0.062f,-0.1474f,-0.477f,-0.014f,0.9517f,-0.3066f,-2.0198f,0.1593f,-0.3006f,-0.9403f,0.5683f,0f,0f,0f,1f],start_interpolation: 0,interpolation_duration: 1}
$data merge entity $(bone_right_arm) {transformation: [-0.9871f,-0.062f,-0.1474f,-0.372f,-0.014f,0.9517f,-0.3066f,-0.8668f,0.1593f,-0.3006f,-0.9403f,0.1427f,0f,0f,0f,1f],start_interpolation: 0,interpolation_duration: 1}
$data merge entity $(bone_left_arm) {transformation: [-0.9871f,0.0443f,-0.1536f,0.3684f,-0.014f,0.9332f,0.359f,-0.8563f,0.1593f,0.3565f,-0.9206f,0.0232f,0f,0f,0f,1f],start_interpolation: 0,interpolation_duration: 1}
$data merge entity $(bone_torso) {transformation: [-0.9871f,-0.0017f,-0.1599f,0f,-0.014f,0.997f,0.0757f,-1.9365f,0.1593f,0.077f,-0.9842f,0f,0f,0f,0f,1f],start_interpolation: 0,interpolation_duration: 1}
$data merge entity $(bone_right_leg) {transformation: [-1f,0f,0f,-0.2344f,0f,0.9081f,-0.4188f,-1.9219f,0f,-0.4188f,-0.9081f,-0.0156f,0f,0f,0f,1f],start_interpolation: 0,interpolation_duration: 1}
$data merge entity $(bone_left_leg) {transformation: [-1f,0f,0f,0.2344f,0f,0.9942f,0.1074f,-2.0271f,0f,0.1074f,-0.9942f,-0.0042f,0f,0f,0f,1f],start_interpolation: 0,interpolation_duration: 1}
data modify entity @s data merge value {"cameras":{},"locators":{"left_arm_grab":{"posx":0.5181443558969646,"posy":-2.116149839884847,"posz":-0.49304553216192926,"roty":350.5268484061228,"rotx":21.03942728603808}}}