# This file was generated by Animated Java via MC-Build. It is not recommended to edit this file directly.
$data merge entity $(bone_right_arm_hazmat) {transformation: [-0.999f,0.0435f,0.0092f,-0.2187f,0.0438f,0.9987f,0.0254f,-0.4076f,-0.008f,0.0258f,-0.9996f,-0.1418f,0f,0f,0f,1f],start_interpolation: 0,interpolation_duration: 1}
$data merge entity $(bone_left_arm_hazmat) {transformation: [-0.999f,-0.0435f,0.0092f,0.1875f,-0.0435f,0.999f,0.0078f,-0.3764f,-0.0096f,0.0074f,-0.9999f,-0.1377f,0f,0f,0f,1f],start_interpolation: 0,interpolation_duration: 1}
$data merge entity $(bone_player_head) {transformation: [-1f,0f,0.0088f,0f,0.0002f,0.9998f,0.0175f,0.1235f,-0.0088f,0.0175f,-0.9998f,-0.1306f,0f,0f,0f,1f],start_interpolation: 0,interpolation_duration: 1}
$data merge entity $(bone_head) {transformation: [-1f,0f,0.0088f,0f,0.0002f,0.9998f,0.0175f,-0.4077f,-0.0088f,0.0175f,-0.9998f,-0.1399f,0f,0f,0f,1f],start_interpolation: 0,interpolation_duration: 1}
$data merge entity $(bone_body) {transformation: [-1f,0f,0.0088f,0f,0.0002f,0.9998f,0.0175f,-1.1263f,-0.0088f,0.0175f,-0.9998f,-0.1524f,0f,0f,0f,1f],start_interpolation: 0,interpolation_duration: 1}
$data merge entity $(bone_right_leg_hazmat) {transformation: [-0.999f,0.0436f,-0.0004f,-0.125f,0.0436f,0.999f,0.0078f,-1.0951f,0.0008f,0.0077f,-1f,-0.1519f,0f,0f,0f,1f],start_interpolation: 0,interpolation_duration: 1}
$data merge entity $(bone_left_leg_hazmat) {transformation: [-0.999f,-0.0435f,-0.003f,0.125f,-0.0436f,0.9952f,0.0871f,-1.0951f,-0.0008f,0.0871f,-0.9962f,-0.1519f,0f,0f,0f,1f],start_interpolation: 0,interpolation_duration: 1}