# This file was generated by Animated Java via MC-Build. It is not recommended to edit this file directly.
$data merge entity $(bone_right_arm_hazmat) {transformation: [-0.9984f,0.0424f,0.0378f,-0.2186f,0.0449f,0.9967f,0.0676f,-0.4118f,-0.0348f,0.0692f,-0.997f,-0.1315f,0f,0f,0f,1f],start_interpolation: 0,interpolation_duration: 1}
$data merge entity $(bone_left_arm_hazmat) {transformation: [-0.9984f,-0.0421f,0.0381f,0.1874f,-0.0423f,0.9991f,-0.0052f,-0.381f,-0.0379f,-0.0068f,-0.9993f,-0.1156f,0f,0f,0f,1f],start_interpolation: 0,interpolation_duration: 1}
$data merge entity $(bone_head) {transformation: [-1f,0f,0f,0f,0f,0.9994f,0.0349f,-0.4433f,0f,0.0349f,-0.9994f,-0.1246f,0f,0f,0f,1f],start_interpolation: 0,interpolation_duration: 1}
$data merge entity $(bone_body) {transformation: [-0.9993f,0f,0.0364f,0f,0.0013f,0.9994f,0.0349f,-1.1304f,-0.0364f,0.0349f,-0.9987f,-0.1486f,0f,0f,0f,1f],start_interpolation: 0,interpolation_duration: 1}
$data merge entity $(bone_right_leg_hazmat) {transformation: [-0.999f,0.0436f,-0.0017f,-0.125f,0.0436f,0.999f,-0.0051f,-1.0991f,0.0015f,-0.0052f,-1f,-0.1475f,0f,0f,0f,1f],start_interpolation: 0,interpolation_duration: 1}
$data merge entity $(bone_left_leg_hazmat) {transformation: [-0.999f,-0.0432f,-0.0061f,0.125f,-0.0436f,0.9839f,0.1735f,-1.0991f,-0.0015f,0.1736f,-0.9848f,-0.1475f,0f,0f,0f,1f],start_interpolation: 0,interpolation_duration: 1}