# This file was generated by Animated Java via MC-Build. It is not recommended to edit this file directly.
$data merge entity $(bone_right_arm_hazmat) {transformation: [-0.9952f,0.0365f,0.0903f,-0.2179f,0.0481f,0.9903f,0.1302f,-0.419f,-0.0847f,0.134f,-0.9874f,-0.1262f,0f,0f,0f,1f],start_interpolation: 0,interpolation_duration: 1}
$data merge entity $(bone_left_arm_hazmat) {transformation: [-0.9952f,-0.0349f,0.0909f,0.1868f,-0.039f,0.9983f,-0.0437f,-0.3897f,-0.0892f,-0.0471f,-0.9949f,-0.0892f,0f,0f,0f,1f],start_interpolation: 0,interpolation_duration: 1}
$data merge entity $(bone_head) {transformation: [-1f,0f,0f,0f,0f,0.9986f,0.0523f,-0.4512f,0f,0.0523f,-0.9986f,-0.1088f,0f,0f,0f,1f],start_interpolation: 0,interpolation_duration: 1}
$data merge entity $(bone_body) {transformation: [-0.9962f,0f,0.0872f,0f,0.0046f,0.9986f,0.0521f,-1.1378f,-0.087f,0.0523f,-0.9948f,-0.1448f,0f,0f,0f,1f],start_interpolation: 0,interpolation_duration: 1}
$data merge entity $(bone_right_leg_hazmat) {transformation: [-0.999f,0.0434f,-0.0042f,-0.125f,0.0436f,0.9981f,-0.0435f,-1.1066f,0.0023f,-0.0437f,-0.999f,-0.1432f,0f,0f,0f,1f],start_interpolation: 0,interpolation_duration: 1}
$data merge entity $(bone_left_leg_hazmat) {transformation: [-0.999f,-0.0427f,-0.0091f,0.125f,-0.0436f,0.965f,0.2586f,-1.1066f,-0.0023f,0.2588f,-0.9659f,-0.1432f,0f,0f,0f,1f],start_interpolation: 0,interpolation_duration: 1}