# This file was generated by Animated Java via MC-Build. It is not recommended to edit this file directly.
$data merge entity $(bone_right_arm_hazmat) {transformation: [-0.9839f,0.0153f,0.1782f,-0.2154f,0.0556f,0.9731f,0.2237f,-0.4309f,-0.17f,0.23f,-0.9582f,-0.1287f,0f,0f,0f,1f],start_interpolation: 0,interpolation_duration: 1}
$data merge entity $(bone_left_arm_hazmat) {transformation: [-0.9839f,-0.009f,0.1787f,0.1847f,-0.0314f,0.9919f,-0.1228f,-0.4046f,-0.1761f,-0.1265f,-0.9762f,-0.0562f,0f,0f,0f,1f],start_interpolation: 0,interpolation_duration: 1}
$data merge entity $(bone_head) {transformation: [-1f,0f,0f,0f,0f,0.9976f,0.0698f,-0.4647f,0f,0.0698f,-0.9976f,-0.093f,0f,0f,0f,1f],start_interpolation: 0,interpolation_duration: 1}
$data merge entity $(bone_body) {transformation: [-0.9848f,0f,0.1736f,0f,0.0121f,0.9976f,0.0687f,-1.1505f,-0.1732f,0.0698f,-0.9824f,-0.141f,0f,0f,0f,1f],start_interpolation: 0,interpolation_duration: 1}
$data merge entity $(bone_right_leg_hazmat) {transformation: [-0.999f,0.0428f,-0.0083f,-0.125f,0.0435f,0.9916f,-0.1217f,-1.1194f,0.003f,-0.1219f,-0.9925f,-0.1388f,0f,0f,0f,1f],start_interpolation: 0,interpolation_duration: 1}
$data merge entity $(bone_left_leg_hazmat) {transformation: [-0.999f,-0.0419f,-0.012f,0.125f,-0.0435f,0.9388f,0.3418f,-1.1194f,-0.003f,0.342f,-0.9397f,-0.1388f,0f,0f,0f,1f],start_interpolation: 0,interpolation_duration: 1}