# This file was generated by Animated Java via MC-Build. It is not recommended to edit this file directly.
$data merge entity $(bone_head) {transformation: [-0.9877f,0.0035f,-0.1561f,0.0013f,-0.0278f,0.9799f,0.1977f,-0.862f,0.1536f,0.1997f,-0.9677f,0.0752f,0f,0f,0f,1f],start_interpolation: 0,interpolation_duration: 1}
$data merge entity $(bone_knife) {transformation: [-0.9998f,0.0064f,-0.0162f,-0.5684f,0f,0.931f,0.3649f,-2.0081f,0.0175f,0.3649f,-0.9309f,-0.3306f,0f,0f,0f,1f],start_interpolation: 0,interpolation_duration: 1}
$data merge entity $(bone_right_arm) {transformation: [-0.9998f,0.0064f,-0.0162f,-0.3736f,0f,0.931f,0.3649f,-0.862f,0.0175f,0.3649f,-0.9309f,0.0817f,0f,0f,0f,1f],start_interpolation: 0,interpolation_duration: 1}
$data merge entity $(bone_left_arm) {transformation: [-0.9998f,0.011f,-0.0136f,0.3763f,0f,0.7771f,0.6293f,-0.862f,0.0175f,0.6292f,-0.777f,0.0687f,0f,0f,0f,1f],start_interpolation: 0,interpolation_duration: 1}
$data merge entity $(bone_torso) {transformation: [-0.9998f,0.0012f,-0.0174f,0f,0f,0.9976f,0.0698f,-1.9375f,0.0175f,0.0697f,-0.9974f,0f,0f,0f,0f,1f],start_interpolation: 0,interpolation_duration: 1}
$data merge entity $(bone_right_leg) {transformation: [-1f,0f,0f,-0.2344f,0f,0.9239f,0.3827f,-1.9344f,0f,0.3827f,-0.9239f,-0.0313f,0f,0f,0f,1f],start_interpolation: 0,interpolation_duration: 1}
$data merge entity $(bone_left_leg) {transformation: [-1f,0f,0f,0.2344f,0f,0.9063f,-0.4225f,-2.0312f,0f,-0.4225f,-0.9063f,0f,0f,0f,0f,1f],start_interpolation: 0,interpolation_duration: 1}
$data merge entity $(bone_right_leg_hazmat) {transformation: [0.9907f,-0.1359f,0.0049f,0.7315f,0.0205f,0.1136f,-0.9933f,-2.8579f,0.1344f,0.9842f,0.1153f,-1.2714f,0f,0f,0f,1f],start_interpolation: 0,interpolation_duration: 1}
$data merge entity $(bone_left_leg_hazmat) {transformation: [1f,0.0081f,0.0056f,0.3881f,0.0045f,0.1318f,-0.9913f,-2.8579f,-0.0088f,0.9912f,0.1317f,-1.2564f,0f,0f,0f,1f],start_interpolation: 0,interpolation_duration: 1}
$data merge entity $(bone_right_arm_hazmat) {transformation: [-0.9222f,0.3374f,-0.1889f,0.9132f,-0.1969f,-0.8301f,-0.5216f,-2.2411f,-0.3328f,-0.4439f,0.832f,-0.9503f,0f,0f,0f,1f],start_interpolation: 0,interpolation_duration: 1}
$data merge entity $(bone_left_arm_hazmat) {transformation: [0.8936f,-0.4087f,0.1858f,0.1609f,-0.4403f,-0.8785f,0.1852f,-2.1677f,0.0875f,-0.2473f,-0.965f,-1.1481f,0f,0f,0f,1f],start_interpolation: 0,interpolation_duration: 1}
$data merge entity $(bone_helmet) {transformation: [0.9628f,0.0131f,-0.2697f,0.5517f,-0.0939f,0.9527f,-0.289f,-2.2357f,0.2532f,0.3036f,0.9185f,-1.0547f,0f,0f,0f,1f],start_interpolation: 0,interpolation_duration: 1}
$data merge entity $(bone_upper) {transformation: [0.9628f,0.0131f,-0.2697f,0.513f,-0.0939f,0.9527f,-0.289f,-2.8579f,0.2532f,0.3036f,0.9185f,-1.2619f,0f,0f,0f,1f],start_interpolation: 0,interpolation_duration: 1}
data modify entity @s data merge value {"cameras":{},"locators":{"left_arm_grab":{"posx":0.5738614681035716,"posy":-1.9135768874100905,"posz":-0.7864780038733474,"roty":359,"rotx":38.99999999999999},"camera":{"posx":0.6362910689747582,"posy":-1.8810005415236362,"posz":-1.2448833892803368,"roty":196.36602958341905,"rotx":-16.799061097657578}}}