# This file was generated by Animated Java via MC-Build. It is not recommended to edit this file directly.
$data merge entity $(bone_head) {transformation: [-0.9876f,0.0038f,0.1568f,0.0016f,0.0376f,0.9763f,0.2132f,-0.8635f,-0.1523f,0.2164f,-0.9643f,0.094f,0f,0f,0f,1f],start_interpolation: 0,interpolation_duration: 1}
$data merge entity $(bone_knife) {transformation: [-0.9998f,-0.006f,-0.0164f,-0.553f,0f,0.9397f,-0.342f,-1.998f,0.0175f,-0.342f,-0.9395f,0.5499f,0f,0f,0f,1f],start_interpolation: 0,interpolation_duration: 1}
$data merge entity $(bone_right_arm) {transformation: [-0.9998f,-0.006f,-0.0164f,-0.3733f,0f,0.9397f,-0.342f,-0.8635f,0.0175f,-0.342f,-0.9395f,0.1005f,0f,0f,0f,1f],start_interpolation: 0,interpolation_duration: 1}
$data merge entity $(bone_left_arm) {transformation: [-0.9998f,0.0112f,-0.0134f,0.3766f,0f,0.766f,0.6428f,-0.8635f,0.0175f,0.6427f,-0.7659f,0.0874f,0f,0f,0f,1f],start_interpolation: 0,interpolation_duration: 1}
$data merge entity $(bone_torso) {transformation: [-0.9998f,0.0015f,-0.0174f,0f,0f,0.9962f,0.0872f,-1.9375f,0.0175f,0.0871f,-0.996f,0f,0f,0f,0f,1f],start_interpolation: 0,interpolation_duration: 1}
$data merge entity $(bone_right_leg) {transformation: [-1f,0f,0f,-0.2344f,0f,0.9063f,-0.4226f,-1.9844f,0f,-0.4226f,-0.9063f,0f,0f,0f,0f,1f],start_interpolation: 0,interpolation_duration: 1}
$data merge entity $(bone_left_leg) {transformation: [-1f,0f,0f,0.2344f,0f,0.9239f,0.3827f,-2f,0f,0.3827f,-0.9239f,-0.0312f,0f,0f,0f,1f],start_interpolation: 0,interpolation_duration: 1}
$data merge entity $(bone_right_leg_hazmat) {transformation: [0.9849f,0.1733f,0.0057f,0.7315f,-0.017f,0.1294f,-0.9914f,-2.8579f,-0.1725f,0.9763f,0.1304f,-1.2714f,0f,0f,0f,1f],start_interpolation: 0,interpolation_duration: 1}
$data merge entity $(bone_left_leg_hazmat) {transformation: [0.9849f,0.1733f,0.0057f,0.3881f,-0.017f,0.1294f,-0.9914f,-2.8579f,-0.1725f,0.9763f,0.1304f,-1.2564f,0f,0f,0f,1f],start_interpolation: 0,interpolation_duration: 1}
$data merge entity $(bone_right_arm_hazmat) {transformation: [-0.9007f,0.173f,0.3985f,0.904f,-0.373f,-0.7781f,-0.5054f,-2.1655f,0.2226f,-0.6039f,0.7654f,-1.1886f,0f,0f,0f,1f],start_interpolation: 0,interpolation_duration: 1}
$data merge entity $(bone_left_arm_hazmat) {transformation: [0.8524f,-0.3167f,-0.4161f,0.1694f,-0.2705f,-0.948f,0.1676f,-2.2362f,-0.4475f,-0.0303f,-0.8938f,-0.9323f,0f,0f,0f,1f],start_interpolation: 0,interpolation_duration: 1}
$data merge entity $(bone_helmet) {transformation: [0.9403f,0.0131f,0.3401f,0.551f,0.0904f,0.9537f,-0.2868f,-2.2292f,-0.3281f,0.3004f,0.8956f,-1.075f,0f,0f,0f,1f],start_interpolation: 0,interpolation_duration: 1}
$data merge entity $(bone_upper) {transformation: [0.9403f,0.0131f,0.3401f,0.513f,0.0904f,0.9537f,-0.2868f,-2.8579f,-0.3281f,0.3004f,0.8956f,-1.2619f,0f,0f,0f,1f],start_interpolation: 0,interpolation_duration: 1}
data modify entity @s data merge value {"cameras":{},"locators":{"left_arm_grab":{"posx":0.5738708183468441,"posy":-1.900031478215204,"posz":-0.7859423287950376,"roty":359,"rotx":40.00000000000001},"camera":{"posx":0.452647019794296,"posy":-1.8749585653631575,"posz":-1.2591635016333111,"roty":159.20611607911945,"rotx":-16.665768674049886}}}