# This file was generated by Animated Java via MC-Build. It is not recommended to edit this file directly.
$data merge entity $(bone_head) {transformation: [-0.9925f,0.0035f,0.1222f,0.0013f,0.0278f,0.9799f,0.1977f,-0.862f,-0.1191f,0.1997f,-0.9726f,0.0752f,0f,0f,0f,1f],start_interpolation: 0,interpolation_duration: 1}
$data merge entity $(bone_knife) {transformation: [-0.9998f,-0.0063f,-0.0163f,-0.553f,0f,0.9336f,-0.3584f,-1.9886f,0.0175f,-0.3583f,-0.9334f,0.5509f,0f,0f,0f,1f],start_interpolation: 0,interpolation_duration: 1}
$data merge entity $(bone_right_arm) {transformation: [-0.9998f,-0.0063f,-0.0163f,-0.3736f,0f,0.9336f,-0.3584f,-0.862f,0.0175f,-0.3583f,-0.9334f,0.0817f,0f,0f,0f,1f],start_interpolation: 0,interpolation_duration: 1}
$data merge entity $(bone_left_arm) {transformation: [-0.9998f,0.011f,-0.0136f,0.3763f,0f,0.7771f,0.6293f,-0.862f,0.0175f,0.6292f,-0.777f,0.0687f,0f,0f,0f,1f],start_interpolation: 0,interpolation_duration: 1}
$data merge entity $(bone_torso) {transformation: [-0.9998f,0.0012f,-0.0174f,0f,0f,0.9976f,0.0698f,-1.9375f,0.0175f,0.0697f,-0.9974f,0f,0f,0f,0f,1f],start_interpolation: 0,interpolation_duration: 1}
$data merge entity $(bone_right_leg) {transformation: [-1f,0f,0f,-0.2344f,0f,0.9063f,-0.4225f,-1.9844f,0f,-0.4225f,-0.9063f,0f,0f,0f,0f,1f],start_interpolation: 0,interpolation_duration: 1}
$data merge entity $(bone_left_leg) {transformation: [-1f,0f,0f,0.2344f,0f,0.9239f,0.3827f,-1.9812f,0f,0.3827f,-0.9239f,-0.0312f,0f,0f,0f,1f],start_interpolation: 0,interpolation_duration: 1}
$data merge entity $(bone_right_leg_hazmat) {transformation: [0.9842f,0.1768f,0.0058f,0.7315f,-0.0175f,0.1298f,-0.9914f,-2.8579f,-0.1761f,0.9756f,0.1308f,-1.2714f,0f,0f,0f,1f],start_interpolation: 0,interpolation_duration: 1}
$data merge entity $(bone_left_leg_hazmat) {transformation: [0.9843f,0.1763f,0.0057f,0.3881f,-0.0174f,0.1294f,-0.9914f,-2.8579f,-0.1755f,0.9758f,0.1305f,-1.2564f,0f,0f,0f,1f],start_interpolation: 0,interpolation_duration: 1}
$data merge entity $(bone_right_arm_hazmat) {transformation: [-0.9123f,0.1862f,0.3649f,0.9087f,-0.3634f,-0.7788f,-0.5113f,-2.17f,0.189f,-0.599f,0.7781f,-1.1729f,0f,0f,0f,1f],start_interpolation: 0,interpolation_duration: 1}
$data merge entity $(bone_left_arm_hazmat) {transformation: [0.865f,-0.3259f,-0.3816f,0.1646f,-0.2791f,-0.9444f,0.1739f,-2.233f,-0.417f,-0.044f,-0.9078f,-0.9435f,0f,0f,0f,1f],start_interpolation: 0,interpolation_duration: 1}
$data merge entity $(bone_helmet) {transformation: [0.9525f,0.0128f,0.3043f,0.5511f,0.0806f,0.9529f,-0.2923f,-2.2301f,-0.2937f,0.3029f,0.9066f,-1.0723f,0f,0f,0f,1f],start_interpolation: 0,interpolation_duration: 1}
$data merge entity $(bone_upper) {transformation: [0.9525f,0.0128f,0.3043f,0.513f,0.0806f,0.9529f,-0.2923f,-2.8579f,-0.2937f,0.3029f,0.9066f,-1.2619f,0f,0f,0f,1f],start_interpolation: 0,interpolation_duration: 1}
data modify entity @s data merge value {"cameras":{},"locators":{"left_arm_grab":{"posx":0.5738614681035716,"posy":-1.9135768874100905,"posz":-0.7864780038733475,"roty":359,"rotx":38.99999999999999},"camera":{"posx":0.46343717430354037,"posy":-1.8743558662697961,"posz":-1.2590463688348763,"roty":161.4490079259333,"rotx":-16.994963180626925}}}