# This file was generated by Animated Java via MC-Build. It is not recommended to edit this file directly.
$data merge entity $(bone_head) {transformation: [-0.9962f,0.0032f,0.0875f,0.001f,0.0191f,0.9832f,0.1817f,-0.8609f,-0.0854f,0.1827f,-0.9795f,0.0564f,0f,0f,0f,1f],start_interpolation: 0,interpolation_duration: 1}
$data merge entity $(bone_knife) {transformation: [-0.9998f,-0.0065f,-0.0162f,-0.553f,0f,0.9272f,-0.3746f,-1.9792f,0.0175f,-0.3745f,-0.927f,0.5517f,0f,0f,0f,1f],start_interpolation: 0,interpolation_duration: 1}
$data merge entity $(bone_right_arm) {transformation: [-0.9998f,-0.0065f,-0.0162f,-0.374f,0f,0.9272f,-0.3746f,-0.8609f,0.0175f,-0.3745f,-0.927f,0.063f,0f,0f,0f,1f],start_interpolation: 0,interpolation_duration: 1}
$data merge entity $(bone_left_arm) {transformation: [-0.9998f,0.0107f,-0.0138f,0.3759f,0f,0.788f,0.6157f,-0.8609f,0.0175f,0.6156f,-0.7879f,0.0499f,0f,0f,0f,1f],start_interpolation: 0,interpolation_duration: 1}
$data merge entity $(bone_torso) {transformation: [-0.9998f,0.0009f,-0.0174f,0f,0f,0.9986f,0.0523f,-1.9375f,0.0175f,0.0523f,-0.9985f,0f,0f,0f,0f,1f],start_interpolation: 0,interpolation_duration: 1}
$data merge entity $(bone_right_leg) {transformation: [-1f,0f,0f,-0.2344f,0f,0.9069f,-0.4214f,-1.9844f,0f,-0.4214f,-0.9069f,0f,0f,0f,0f,1f],start_interpolation: 0,interpolation_duration: 1}
$data merge entity $(bone_left_leg) {transformation: [-1f,0f,0f,0.2344f,0f,0.9239f,0.3827f,-1.9625f,0f,0.3827f,-0.9239f,-0.0312f,0f,0f,0f,1f],start_interpolation: 0,interpolation_duration: 1}
$data merge entity $(bone_right_leg_hazmat) {transformation: [0.9848f,0.1736f,0.0057f,0.7315f,-0.0171f,0.1294f,-0.9914f,-2.8579f,-0.1729f,0.9763f,0.1304f,-1.2714f,0f,0f,0f,1f],start_interpolation: 0,interpolation_duration: 1}
$data merge entity $(bone_left_leg_hazmat) {transformation: [0.9837f,0.1797f,0.0057f,0.3881f,-0.0179f,0.1295f,-0.9914f,-2.8579f,-0.1789f,0.9752f,0.1306f,-1.2564f,0f,0f,0f,1f],start_interpolation: 0,interpolation_duration: 1}
$data merge entity $(bone_right_arm_hazmat) {transformation: [-0.9188f,0.1944f,0.3436f,0.9113f,-0.3575f,-0.7791f,-0.515f,-2.1729f,0.1676f,-0.596f,0.7853f,-1.1628f,0f,0f,0f,1f],start_interpolation: 0,interpolation_duration: 1}
$data merge entity $(bone_left_arm_hazmat) {transformation: [0.8723f,-0.3312f,-0.3597f,0.1617f,-0.2843f,-0.9421f,0.178f,-2.2311f,-0.3978f,-0.053f,-0.916f,-0.9504f,0f,0f,0f,1f],start_interpolation: 0,interpolation_duration: 1}
$data merge entity $(bone_helmet) {transformation: [0.9595f,0.0124f,0.2816f,0.5511f,0.0745f,0.9523f,-0.2958f,-2.2306f,-0.2718f,0.3048f,0.9128f,-1.0704f,0f,0f,0f,1f],start_interpolation: 0,interpolation_duration: 1}
$data merge entity $(bone_upper) {transformation: [0.9595f,0.0124f,0.2816f,0.513f,0.0745f,0.9523f,-0.2958f,-2.8579f,-0.2718f,0.3048f,0.9128f,-1.2619f,0f,0f,0f,1f],start_interpolation: 0,interpolation_duration: 1}
data modify entity @s data merge value {"cameras":{},"locators":{"left_arm_grab":{"posx":0.5738562450330351,"posy":-1.9271295838168205,"posz":-0.7867772333839828,"roty":359,"rotx":38.00000000000001},"camera":{"posx":0.470095150337342,"posy":-1.8740447835178449,"posz":-1.2584795288690183,"roty":162.85527871302907,"rotx":-17.204658608365325}}}