# This file was generated by Animated Java via MC-Build. It is not recommended to edit this file directly.
$data merge entity $(bone_head) {transformation: [-0.9986f,0.0029f,0.0526f,0.0007f,0.0116f,0.9862f,0.1651f,-0.86f,-0.0514f,0.1655f,-0.9849f,0.0376f,0f,0f,0f,1f],start_interpolation: 0,interpolation_duration: 1}
$data merge entity $(bone_knife) {transformation: [-0.9998f,-0.0068f,-0.0161f,-0.5529f,0f,0.9205f,-0.3907f,-1.9697f,0.0175f,-0.3907f,-0.9204f,0.5523f,0f,0f,0f,1f],start_interpolation: 0,interpolation_duration: 1}
$data merge entity $(bone_right_arm) {transformation: [-0.9998f,-0.0068f,-0.0161f,-0.3743f,0f,0.9205f,-0.3907f,-0.86f,0.0175f,-0.3907f,-0.9204f,0.0442f,0f,0f,0f,1f],start_interpolation: 0,interpolation_duration: 1}
$data merge entity $(bone_left_arm) {transformation: [-0.9998f,0.0105f,-0.0139f,0.3756f,0f,0.7986f,0.6018f,-0.86f,0.0175f,0.6017f,-0.7985f,0.0311f,0f,0f,0f,1f],start_interpolation: 0,interpolation_duration: 1}
$data merge entity $(bone_torso) {transformation: [-0.9998f,0.0006f,-0.0174f,0f,0f,0.9994f,0.0349f,-1.9375f,0.0175f,0.0349f,-0.9992f,0f,0f,0f,0f,1f],start_interpolation: 0,interpolation_duration: 1}
$data merge entity $(bone_right_leg) {transformation: [-1f,0f,0f,-0.2344f,0f,0.9091f,-0.4165f,-1.9844f,0f,-0.4165f,-0.9091f,0f,0f,0f,0f,1f],start_interpolation: 0,interpolation_duration: 1}
$data merge entity $(bone_left_leg) {transformation: [-1f,0f,0f,0.2344f,0f,0.9239f,0.3827f,-1.9437f,0f,0.3827f,-0.9239f,-0.0312f,0f,0f,0f,1f],start_interpolation: 0,interpolation_duration: 1}
$data merge entity $(bone_right_leg_hazmat) {transformation: [0.9898f,0.1427f,0.005f,0.7315f,-0.0133f,0.1264f,-0.9919f,-2.8579f,-0.1422f,0.9817f,0.127f,-1.2714f,0f,0f,0f,1f],start_interpolation: 0,interpolation_duration: 1}
$data merge entity $(bone_left_leg_hazmat) {transformation: [0.9845f,0.1751f,0.0057f,0.3881f,-0.0173f,0.1294f,-0.9914f,-2.8579f,-0.1744f,0.976f,0.1305f,-1.2564f,0f,0f,0f,1f],start_interpolation: 0,interpolation_duration: 1}
$data merge entity $(bone_right_arm_hazmat) {transformation: [-0.8783f,0.1508f,0.4538f,0.8944f,-0.3894f,-0.7764f,-0.4956f,-2.158f,0.2775f,-0.612f,0.7406f,-1.2137f,0f,0f,0f,1f],start_interpolation: 0,interpolation_duration: 1}
$data merge entity $(bone_left_arm_hazmat) {transformation: [0.8286f,-0.2998f,-0.4727f,0.1782f,-0.2555f,-0.9539f,0.1572f,-2.2419f,-0.4981f,-0.0094f,-0.8671f,-0.9131f,0f,0f,0f,1f],start_interpolation: 0,interpolation_duration: 1}
$data merge entity $(bone_helmet) {transformation: [0.9167f,0.0131f,0.3993f,0.5503f,0.1073f,0.9546f,-0.2778f,-2.2281f,-0.3848f,0.2975f,0.8737f,-1.0787f,0f,0f,0f,1f],start_interpolation: 0,interpolation_duration: 1}
$data merge entity $(bone_upper) {transformation: [0.9167f,0.0131f,0.3993f,0.513f,0.1073f,0.9546f,-0.2778f,-2.8579f,-0.3848f,0.2975f,0.8737f,-1.2619f,0f,0f,0f,1f],start_interpolation: 0,interpolation_duration: 1}
data modify entity @s data merge value {"cameras":{},"locators":{"left_arm_grab":{"posx":0.5738551507262322,"posy":-1.9406854391527804,"posz":-0.7868399261787359,"roty":359,"rotx":37},"camera":{"posx":0.43416955453439643,"posy":-1.8762751646323155,"posz":-1.2571386084114216,"roty":155.4413308864434,"rotx":-16.126658512658878}}}