# This file was generated by Animated Java via MC-Build. It is not recommended to edit this file directly.
$data merge entity $(bone_head) {transformation: [-0.9998f,0.0026f,0.0176f,0.0003f,0.0052f,0.989f,0.148f,-0.8595f,-0.0171f,0.1481f,-0.9888f,0.0188f,0f,0f,0f,1f],start_interpolation: 0,interpolation_duration: 1}
$data merge entity $(bone_knife) {transformation: [-0.9998f,-0.0071f,-0.0159f,-0.5529f,0f,0.9135f,-0.4067f,-1.9602f,0.0175f,-0.4067f,-0.9134f,0.5528f,0f,0f,0f,1f],start_interpolation: 0,interpolation_duration: 1}
$data merge entity $(bone_right_arm) {transformation: [-0.9998f,-0.0071f,-0.0159f,-0.3746f,0f,0.9135f,-0.4067f,-0.8595f,0.0175f,-0.4067f,-0.9134f,0.0254f,0f,0f,0f,1f],start_interpolation: 0,interpolation_duration: 1}
$data merge entity $(bone_left_arm) {transformation: [-0.9998f,0.0103f,-0.0141f,0.3753f,0f,0.809f,0.5878f,-0.8595f,0.0175f,0.5877f,-0.8089f,0.0123f,0f,0f,0f,1f],start_interpolation: 0,interpolation_duration: 1}
$data merge entity $(bone_torso) {transformation: [-0.9998f,0.0003f,-0.0174f,0f,0f,0.9998f,0.0175f,-1.9375f,0.0175f,0.0174f,-0.9997f,0f,0f,0f,0f,1f],start_interpolation: 0,interpolation_duration: 1}
$data merge entity $(bone_right_leg) {transformation: [-1f,0f,0f,-0.2344f,0f,0.9151f,-0.4033f,-1.9844f,0f,-0.4033f,-0.9151f,0f,0f,0f,0f,1f],start_interpolation: 0,interpolation_duration: 1}
$data merge entity $(bone_left_leg) {transformation: [-1f,0f,0f,0.2344f,0f,0.9239f,0.3827f,-1.925f,0f,0.3827f,-0.9239f,-0.0312f,0f,0f,0f,1f],start_interpolation: 0,interpolation_duration: 1}
$data merge entity $(bone_right_leg_hazmat) {transformation: [0.998f,0.0626f,0.004f,0.7315f,-0.0036f,0.1201f,-0.9928f,-2.8579f,-0.0626f,0.9908f,0.1201f,-1.2714f,0f,0f,0f,1f],start_interpolation: 0,interpolation_duration: 1}
$data merge entity $(bone_left_leg_hazmat) {transformation: [0.988f,0.1543f,0.0057f,0.3881f,-0.0145f,0.1292f,-0.9915f,-2.8579f,-0.1537f,0.9795f,0.1299f,-1.2564f,0f,0f,0f,1f],start_interpolation: 0,interpolation_duration: 1}
$data merge entity $(bone_right_arm_hazmat) {transformation: [-0.8237f,0.1073f,0.5568f,0.8703f,-0.4225f,-0.771f,-0.4766f,-2.1438f,0.3781f,-0.6278f,0.6804f,-1.257f,0f,0f,0f,1f],start_interpolation: 0,interpolation_duration: 1}
$data merge entity $(bone_left_arm_hazmat) {transformation: [0.7732f,-0.262f,-0.5775f,0.1983f,-0.2242f,-0.9648f,0.1374f,-2.2547f,-0.5932f,0.0232f,-0.8048f,-0.8742f,0f,0f,0f,1f],start_interpolation: 0,interpolation_duration: 1}
$data merge entity $(bone_helmet) {transformation: [0.8601f,0.0114f,0.51f,0.5474f,0.1419f,0.9549f,-0.2608f,-2.2268f,-0.49f,0.2967f,0.8197f,-1.0825f,0f,0f,0f,1f],start_interpolation: 0,interpolation_duration: 1}
$data merge entity $(bone_upper) {transformation: [0.8601f,0.0114f,0.51f,0.513f,0.1419f,0.9549f,-0.2608f,-2.8579f,-0.49f,0.2967f,0.8197f,-1.2619f,0f,0f,0f,1f],start_interpolation: 0,interpolation_duration: 1}
data modify entity @s data merge value {"cameras":{},"locators":{"left_arm_grab":{"posx":0.5738581855164993,"posy":-1.9542403241731165,"posz":-0.7866660631607741,"roty":359,"rotx":35.99999999999999},"camera":{"posx":0.39758766670743156,"posy":-1.880035879746778,"posz":-1.244951915748349,"roty":148.10885394168142,"rotx":-15.116087951889465}}}