# This file was generated by Animated Java via MC-Build. It is not recommended to edit this file directly.
$data merge entity $(bone_head) {transformation: [-0.9998f,0.0023f,-0.0173f,0f,0f,0.9914f,0.1305f,-0.8594f,0.0175f,0.1305f,-0.9913f,0f,0f,0f,0f,1f],start_interpolation: 0,interpolation_duration: 1}
$data merge entity $(bone_knife) {transformation: [-0.9998f,-0.0074f,-0.0158f,-0.5529f,0f,0.9063f,-0.4226f,-1.9507f,0.0175f,-0.4226f,-0.9062f,0.5531f,0f,0f,0f,1f],start_interpolation: 0,interpolation_duration: 1}
$data merge entity $(bone_right_arm) {transformation: [-0.9998f,-0.0074f,-0.0158f,-0.3749f,0f,0.9063f,-0.4226f,-0.8594f,0.0175f,-0.4226f,-0.9062f,0.0065f,0f,0f,0f,1f],start_interpolation: 0,interpolation_duration: 1}
$data merge entity $(bone_left_arm) {transformation: [-0.9998f,0.01f,-0.0143f,0.3749f,0f,0.8192f,0.5736f,-0.8594f,0.0175f,0.5735f,-0.819f,-0.0065f,0f,0f,0f,1f],start_interpolation: 0,interpolation_duration: 1}
$data merge entity $(bone_torso) {transformation: [-0.9998f,0f,-0.0175f,0f,0f,1f,0f,-1.9375f,0.0175f,0f,-0.9998f,0f,0f,0f,0f,1f],start_interpolation: 0,interpolation_duration: 1}
$data merge entity $(bone_right_leg) {transformation: [-1f,0f,0f,-0.2344f,0f,0.927f,-0.3751f,-1.9844f,0f,-0.3751f,-0.927f,0f,0f,0f,0f,1f],start_interpolation: 0,interpolation_duration: 1}
$data merge entity $(bone_left_leg) {transformation: [-1f,0f,0f,0.2344f,0f,0.9239f,0.3827f,-1.9062f,0f,0.3827f,-0.9239f,-0.0312f,0f,0f,0f,1f],start_interpolation: 0,interpolation_duration: 1}
$data merge entity $(bone_right_leg_hazmat) {transformation: [0.9961f,-0.0884f,0.0045f,0.7315f,0.0146f,0.114f,-0.9934f,-2.8579f,0.0873f,0.9895f,0.1148f,-1.2714f,0f,0f,0f,1f],start_interpolation: 0,interpolation_duration: 1}
$data merge entity $(bone_left_leg_hazmat) {transformation: [0.9941f,0.1085f,0.0057f,0.3881f,-0.0085f,0.1293f,-0.9916f,-2.8579f,-0.1083f,0.9857f,0.1294f,-1.2564f,0f,0f,0f,1f],start_interpolation: 0,interpolation_duration: 1}
$data merge entity $(bone_right_arm_hazmat) {transformation: [-0.835f,0.1155f,0.538f,0.8753f,-0.4161f,-0.7722f,-0.4801f,-2.1464f,0.3599f,-0.6248f,0.6929f,-1.2494f,0f,0f,0f,1f],start_interpolation: 0,interpolation_duration: 1}
$data merge entity $(bone_left_arm_hazmat) {transformation: [0.7846f,-0.2695f,-0.5584f,0.1942f,-0.2303f,-0.9628f,0.1411f,-2.2521f,-0.5757f,0.0179f,-0.8175f,-0.8816f,0f,0f,0f,1f],start_interpolation: 0,interpolation_duration: 1}
$data merge entity $(bone_helmet) {transformation: [0.8718f,0.0119f,0.4897f,0.548f,0.1352f,0.955f,-0.2639f,-2.227f,-0.4708f,0.2963f,0.831f,-1.0821f,0f,0f,0f,1f],start_interpolation: 0,interpolation_duration: 1}
$data merge entity $(bone_upper) {transformation: [0.8718f,0.0119f,0.4897f,0.513f,0.1352f,0.955f,-0.2639f,-2.8579f,-0.4708f,0.2963f,0.831f,-1.2619f,0f,0f,0f,1f],start_interpolation: 0,interpolation_duration: 1}
data modify entity @s data merge value {"cameras":{},"locators":{"left_arm_grab":{"posx":0.57386534847941,"posy":-1.967790109928542,"posz":-0.7862556972904574,"roty":359,"rotx":35},"camera":{"posx":0.4044696128423015,"posy":-1.8791990159770222,"posz":-1.2480893167869043,"roty":149.48716544117104,"rotx":-15.30285581379863}}}