# This file was generated by Animated Java via MC-Build. It is not recommended to edit this file directly.
$data merge entity $(bone_head) {transformation: [-0.9986f,0.0026f,-0.0521f,0.0003f,-0.0052f,0.989f,0.148f,-0.8595f,0.0519f,0.1481f,-0.9876f,0.0188f,0f,0f,0f,1f],start_interpolation: 0,interpolation_duration: 1}
$data merge entity $(bone_knife) {transformation: [-0.9998f,-0.0067f,-0.0161f,-0.5534f,0f,0.9229f,-0.3849f,-1.9723f,0.0175f,-0.3849f,-0.9228f,0.5265f,0f,0f,0f,1f],start_interpolation: 0,interpolation_duration: 1}
$data merge entity $(bone_right_arm) {transformation: [-0.9998f,-0.0067f,-0.0161f,-0.3746f,0f,0.9229f,-0.3849f,-0.8595f,0.0175f,-0.3849f,-0.9228f,0.0254f,0f,0f,0f,1f],start_interpolation: 0,interpolation_duration: 1}
$data merge entity $(bone_left_arm) {transformation: [-0.9998f,0.0103f,-0.0141f,0.3753f,0f,0.809f,0.5878f,-0.8595f,0.0175f,0.5877f,-0.8089f,0.0123f,0f,0f,0f,1f],start_interpolation: 0,interpolation_duration: 1}
$data merge entity $(bone_torso) {transformation: [-0.9998f,0.0003f,-0.0174f,0f,0f,0.9998f,0.0175f,-1.9375f,0.0175f,0.0174f,-0.9997f,0f,0f,0f,0f,1f],start_interpolation: 0,interpolation_duration: 1}
$data merge entity $(bone_right_leg) {transformation: [-1f,0f,0f,-0.2344f,0f,0.9464f,-0.323f,-1.9844f,0f,-0.323f,-0.9464f,0f,0f,0f,0f,1f],start_interpolation: 0,interpolation_duration: 1}
$data merge entity $(bone_left_leg) {transformation: [-1f,0f,0f,0.2344f,0f,0.9255f,0.3788f,-1.9062f,0f,0.3788f,-0.9255f,-0.0312f,0f,0f,0f,1f],start_interpolation: 0,interpolation_duration: 1}
$data merge entity $(bone_right_leg_hazmat) {transformation: [0.9716f,-0.2367f,0.0058f,0.7315f,0.034f,0.1152f,-0.9928f,-2.8579f,0.2344f,0.9647f,0.1199f,-1.2714f,0f,0f,0f,1f],start_interpolation: 0,interpolation_duration: 1}
$data merge entity $(bone_left_leg_hazmat) {transformation: [0.998f,0.0625f,0.0057f,0.3881f,-0.0025f,0.13f,-0.9915f,-2.8579f,-0.0627f,0.9895f,0.1299f,-1.2564f,0f,0f,0f,1f],start_interpolation: 0,interpolation_duration: 1}
$data merge entity $(bone_right_arm_hazmat) {transformation: [-0.8521f,0.1287f,0.5072f,0.883f,-0.4061f,-0.774f,-0.4859f,-2.1507f,0.3301f,-0.62f,0.7118f,-1.2368f,0f,0f,0f,1f],start_interpolation: 0,interpolation_duration: 1}
$data merge entity $(bone_left_arm_hazmat) {transformation: [0.8018f,-0.2813f,-0.5272f,0.188f,-0.2399f,-0.9596f,0.147f,-2.2481f,-0.5472f,0.0086f,-0.8369f,-0.8934f,0f,0f,0f,1f],start_interpolation: 0,interpolation_duration: 1}
$data merge entity $(bone_helmet) {transformation: [0.8896f,0.0125f,0.4566f,0.549f,0.1247f,0.955f,-0.269f,-2.2273f,-0.4395f,0.2962f,0.848f,-1.0812f,0f,0f,0f,1f],start_interpolation: 0,interpolation_duration: 1}
$data merge entity $(bone_upper) {transformation: [0.8896f,0.0125f,0.4566f,0.513f,0.1247f,0.955f,-0.269f,-2.8579f,-0.4395f,0.2962f,0.848f,-1.2619f,0f,0f,0f,1f],start_interpolation: 0,interpolation_duration: 1}
data modify entity @s data merge value {"cameras":{},"locators":{"left_arm_grab":{"posx":0.5738581855164993,"posy":-1.9542403241731165,"posz":-0.7866660631607741,"roty":359,"rotx":35.99999999999999},"camera":{"posx":0.41552152449031476,"posy":-1.8779864705378486,"posz":-1.252297510975385,"roty":151.69758610015703,"rotx":-15.60514426482692}}}