# This file was generated by Animated Java via MC-Build. It is not recommended to edit this file directly.
$data merge entity $(bone_head) {transformation: [-0.9962f,0.0028f,-0.0869f,0.0007f,-0.0116f,0.9862f,0.1651f,-0.86f,0.0862f,0.1655f,-0.9824f,0.0376f,0f,0f,0f,1f],start_interpolation: 0,interpolation_duration: 1}
$data merge entity $(bone_knife) {transformation: [-0.9998f,-0.0037f,-0.0171f,-0.5568f,0f,0.9777f,-0.21f,-2.0451f,0.0175f,-0.2099f,-0.9776f,0.3338f,0f,0f,0f,1f],start_interpolation: 0,interpolation_duration: 1}
$data merge entity $(bone_right_arm) {transformation: [-0.9998f,-0.0037f,-0.0171f,-0.3743f,0f,0.9777f,-0.21f,-0.86f,0.0175f,-0.2099f,-0.9776f,0.0442f,0f,0f,0f,1f],start_interpolation: 0,interpolation_duration: 1}
$data merge entity $(bone_left_arm) {transformation: [-0.9998f,0.0105f,-0.0139f,0.3756f,0f,0.7986f,0.6018f,-0.86f,0.0175f,0.6017f,-0.7985f,0.0311f,0f,0f,0f,1f],start_interpolation: 0,interpolation_duration: 1}
$data merge entity $(bone_torso) {transformation: [-0.9998f,0.0006f,-0.0174f,0f,0f,0.9994f,0.0349f,-1.9375f,0.0175f,0.0349f,-0.9992f,0f,0f,0f,0f,1f],start_interpolation: 0,interpolation_duration: 1}
$data merge entity $(bone_right_leg) {transformation: [-1f,0f,0f,-0.2344f,0f,0.972f,-0.2351f,-1.9844f,0f,-0.2351f,-0.972f,0f,0f,0f,0f,1f],start_interpolation: 0,interpolation_duration: 1}
$data merge entity $(bone_left_leg) {transformation: [-1f,0f,0f,0.2344f,0f,0.9672f,0.2541f,-1.9062f,0f,0.2541f,-0.9672f,-0.0312f,0f,0f,0f,1f],start_interpolation: 0,interpolation_duration: 1}
$data merge entity $(bone_right_leg_hazmat) {transformation: [0.9496f,-0.3135f,0.0059f,0.7315f,0.0453f,0.1187f,-0.9919f,-2.8579f,0.3102f,0.9421f,0.1269f,-1.2714f,0f,0f,0f,1f],start_interpolation: 0,interpolation_duration: 1}
$data merge entity $(bone_left_leg_hazmat) {transformation: [0.9991f,0.0413f,0.0057f,0.3881f,0.0002f,0.1306f,-0.9914f,-2.8579f,-0.0417f,0.9906f,0.1305f,-1.2564f,0f,0f,0f,1f],start_interpolation: 0,interpolation_duration: 1}
$data merge entity $(bone_right_arm_hazmat) {transformation: [-0.8525f,0.1289f,0.5066f,0.8831f,-0.4059f,-0.774f,-0.4859f,-2.1508f,0.3295f,-0.6199f,0.7122f,-1.2366f,0f,0f,0f,1f],start_interpolation: 0,interpolation_duration: 1}
$data merge entity $(bone_left_arm_hazmat) {transformation: [0.8022f,-0.2815f,-0.5266f,0.1879f,-0.2402f,-0.9595f,0.147f,-2.248f,-0.5467f,0.0085f,-0.8373f,-0.8937f,0f,0f,0f,1f],start_interpolation: 0,interpolation_duration: 1}
$data merge entity $(bone_helmet) {transformation: [0.8899f,0.0125f,0.456f,0.549f,0.1244f,0.9551f,-0.269f,-2.2273f,-0.4389f,0.2961f,0.8483f,-1.0812f,0f,0f,0f,1f],start_interpolation: 0,interpolation_duration: 1}
$data merge entity $(bone_upper) {transformation: [0.8899f,0.0125f,0.456f,0.513f,0.1244f,0.9551f,-0.269f,-2.8579f,-0.4389f,0.2961f,0.8483f,-1.2619f,0f,0f,0f,1f],start_interpolation: 0,interpolation_duration: 1}
data modify entity @s data merge value {"cameras":{},"locators":{"left_arm_grab":{"posx":0.5738551507262322,"posy":-1.9406854391527804,"posz":-0.7868399261787359,"roty":359,"rotx":37},"camera":{"posx":0.4157151879832752,"posy":-1.8779656686523758,"posz":-1.2524582669667,"roty":151.74037316456935,"rotx":-15.605840387380455}}}