# This file was generated by Animated Java via MC-Build. It is not recommended to edit this file directly.
$data merge entity $(bone_head) {transformation: [-0.9926f,0.0032f,-0.1216f,0.001f,-0.0191f,0.9832f,0.1817f,-0.8609f,0.1201f,0.1827f,-0.9758f,0.0564f,0f,0f,0f,1f],start_interpolation: 0,interpolation_duration: 1}
$data merge entity $(bone_knife) {transformation: [-0.9998f,0.0029f,-0.0172f,-0.5644f,0f,0.9859f,0.1671f,-2.0677f,0.0175f,0.1671f,-0.9858f,-0.1066f,0f,0f,0f,1f],start_interpolation: 0,interpolation_duration: 1}
$data merge entity $(bone_right_arm) {transformation: [-0.9998f,0.0029f,-0.0172f,-0.374f,0f,0.9859f,0.1671f,-0.8609f,0.0175f,0.1671f,-0.9858f,0.063f,0f,0f,0f,1f],start_interpolation: 0,interpolation_duration: 1}
$data merge entity $(bone_left_arm) {transformation: [-0.9998f,0.0107f,-0.0138f,0.3759f,0f,0.788f,0.6157f,-0.8609f,0.0175f,0.6156f,-0.7879f,0.0499f,0f,0f,0f,1f],start_interpolation: 0,interpolation_duration: 1}
$data merge entity $(bone_torso) {transformation: [-0.9998f,0.0009f,-0.0174f,0f,0f,0.9986f,0.0523f,-1.9375f,0.0175f,0.0523f,-0.9985f,0f,0f,0f,0f,1f],start_interpolation: 0,interpolation_duration: 1}
$data merge entity $(bone_right_leg) {transformation: [-1f,0f,0f,-0.2344f,0f,0.9953f,-0.0966f,-1.9844f,0f,-0.0966f,-0.9953f,0f,0f,0f,0f,1f],start_interpolation: 0,interpolation_duration: 1}
$data merge entity $(bone_left_leg) {transformation: [-1f,0f,0f,0.2344f,0f,0.9552f,-0.296f,-1.9062f,0f,-0.296f,-0.9552f,-0.0312f,0f,0f,0f,1f],start_interpolation: 0,interpolation_duration: 1}
$data merge entity $(bone_right_leg_hazmat) {transformation: [0.9394f,-0.3427f,0.0057f,0.7315f,0.05f,0.1206f,-0.9914f,-2.8579f,0.3391f,0.9317f,0.1304f,-1.2714f,0f,0f,0f,1f],start_interpolation: 0,interpolation_duration: 1}
$data merge entity $(bone_left_leg_hazmat) {transformation: [0.9993f,0.0367f,0.0057f,0.3881f,0.0008f,0.1307f,-0.9914f,-2.8579f,-0.0372f,0.9907f,0.1306f,-1.2564f,0f,0f,0f,1f],start_interpolation: 0,interpolation_duration: 1}
$data merge entity $(bone_right_arm_hazmat) {transformation: [-0.8618f,0.1371f,0.4883f,0.887f,-0.3995f,-0.7767f,-0.487f,-2.153f,0.3125f,-0.6148f,0.7241f,-1.2307f,0f,0f,0f,1f],start_interpolation: 0,interpolation_duration: 1}
$data merge entity $(bone_left_arm_hazmat) {transformation: [0.812f,-0.2877f,-0.5078f,0.184f,-0.2468f,-0.9577f,0.1479f,-2.2449f,-0.5288f,0.0052f,-0.8487f,-0.9024f,0f,0f,0f,1f],start_interpolation: 0,interpolation_duration: 1}
$data merge entity $(bone_helmet) {transformation: [0.8998f,0.0123f,0.4362f,0.5492f,0.1175f,0.9558f,-0.2694f,-2.227f,-0.4203f,0.2936f,0.8586f,-1.0823f,0f,0f,0f,1f],start_interpolation: 0,interpolation_duration: 1}
$data merge entity $(bone_upper) {transformation: [0.8998f,0.0123f,0.4362f,0.513f,0.1175f,0.9558f,-0.2694f,-2.8579f,-0.4203f,0.2936f,0.8586f,-1.2619f,0f,0f,0f,1f],start_interpolation: 0,interpolation_duration: 1}
data modify entity @s data merge value {"cameras":{},"locators":{"left_arm_grab":{"posx":0.5738562450330351,"posy":-1.9271295838168205,"posz":-0.7867772333839828,"roty":359,"rotx":38.00000000000001},"camera":{"posx":0.42177971904615436,"posy":-1.8773480924325967,"posz":-1.257290857430674,"roty":153.0670879665074,"rotx":-15.627292562880433}}}