# This file was generated by Animated Java via MC-Build. It is not recommended to edit this file directly.
$data merge entity $(bone_head) {transformation: [-0.9877f,0.0035f,-0.1561f,0.0013f,-0.0278f,0.9799f,0.1977f,-0.862f,0.1536f,0.1997f,-0.9677f,0.0752f,0f,0f,0f,1f],start_interpolation: 0,interpolation_duration: 1}
$data merge entity $(bone_knife) {transformation: [-0.9998f,0.006f,-0.0164f,-0.5679f,0f,0.9389f,0.3443f,-2.017f,0.0175f,0.3443f,-0.9387f,-0.3052f,0f,0f,0f,1f],start_interpolation: 0,interpolation_duration: 1}
$data merge entity $(bone_right_arm) {transformation: [-0.9998f,0.006f,-0.0164f,-0.3736f,0f,0.9389f,0.3443f,-0.862f,0.0175f,0.3443f,-0.9387f,0.0817f,0f,0f,0f,1f],start_interpolation: 0,interpolation_duration: 1}
$data merge entity $(bone_left_arm) {transformation: [-0.9998f,0.011f,-0.0136f,0.3763f,0f,0.7771f,0.6293f,-0.862f,0.0175f,0.6292f,-0.777f,0.0687f,0f,0f,0f,1f],start_interpolation: 0,interpolation_duration: 1}
$data merge entity $(bone_torso) {transformation: [-0.9998f,0.0012f,-0.0174f,0f,0f,0.9976f,0.0698f,-1.9375f,0.0175f,0.0697f,-0.9974f,0f,0f,0f,0f,1f],start_interpolation: 0,interpolation_duration: 1}
$data merge entity $(bone_right_leg) {transformation: [-1f,0f,0f,-0.2344f,0f,0.9942f,0.1074f,-1.9802f,0f,0.1074f,-0.9942f,-0.0042f,0f,0f,0f,1f],start_interpolation: 0,interpolation_duration: 1}
$data merge entity $(bone_left_leg) {transformation: [-1f,0f,0f,0.2344f,0f,0.9081f,-0.4188f,-1.9687f,0f,-0.4188f,-0.9081f,-0.0156f,0f,0f,0f,1f],start_interpolation: 0,interpolation_duration: 1}
$data merge entity $(bone_right_leg_hazmat) {transformation: [0.9383f,-0.3457f,0.0057f,0.7315f,0.0505f,0.1208f,-0.9914f,-2.8579f,0.3421f,0.9305f,0.1308f,-1.2714f,0f,0f,0f,1f],start_interpolation: 0,interpolation_duration: 1}
$data merge entity $(bone_left_leg_hazmat) {transformation: [0.9992f,0.0402f,0.0057f,0.3881f,0.0004f,0.1306f,-0.9914f,-2.8579f,-0.0406f,0.9906f,0.1305f,-1.2564f,0f,0f,0f,1f],start_interpolation: 0,interpolation_duration: 1}
$data merge entity $(bone_right_arm_hazmat) {transformation: [-0.9147f,0.1896f,0.3568f,0.9095f,-0.357f,-0.7928f,-0.4939f,-2.169f,0.1892f,-0.5792f,0.7929f,-1.1853f,0f,0f,0f,1f],start_interpolation: 0,interpolation_duration: 1}
$data merge entity $(bone_left_arm_hazmat) {transformation: [0.868f,-0.3277f,-0.3732f,0.1632f,-0.2905f,-0.9445f,0.1537f,-2.2251f,-0.4028f,-0.025f,-0.9149f,-0.9611f,0f,0f,0f,1f],start_interpolation: 0,interpolation_duration: 1}
$data merge entity $(bone_helmet) {transformation: [0.9552f,0.0123f,0.2956f,0.5509f,0.0718f,0.9597f,-0.2719f,-2.2259f,-0.287f,0.2809f,0.9158f,-1.0865f,0f,0f,0f,1f],start_interpolation: 0,interpolation_duration: 1}
$data merge entity $(bone_upper) {transformation: [0.9552f,0.0123f,0.2956f,0.513f,0.0718f,0.9597f,-0.2719f,-2.8579f,-0.287f,0.2809f,0.9158f,-1.2619f,0f,0f,0f,1f],start_interpolation: 0,interpolation_duration: 1}
data modify entity @s data merge value {"cameras":{},"locators":{"left_arm_grab":{"posx":0.5738614681035716,"posy":-1.9135768874100905,"posz":-0.7864780038733475,"roty":359,"rotx":38.99999999999999},"camera":{"posx":0.46568287401451997,"posy":-1.8744516554183537,"posz":-1.2822211925815146,"roty":162.11219343690357,"rotx":-15.775810841460467}}}