# This file was generated by Animated Java via MC-Build. It is not recommended to edit this file directly.
$data merge entity $(bone_head) {transformation: [-0.9926f,0.0032f,-0.1216f,0.001f,-0.0191f,0.9832f,0.1817f,-0.8609f,0.1201f,0.1827f,-0.9758f,0.0564f,0f,0f,0f,1f],start_interpolation: 0,interpolation_duration: 1}
$data merge entity $(bone_knife) {transformation: [-0.9998f,0.0057f,-0.0165f,-0.5678f,0f,0.9457f,0.325f,-2.0236f,0.0175f,0.3249f,-0.9456f,-0.3002f,0f,0f,0f,1f],start_interpolation: 0,interpolation_duration: 1}
$data merge entity $(bone_right_arm) {transformation: [-0.9998f,0.0057f,-0.0165f,-0.374f,0f,0.9457f,0.325f,-0.8609f,0.0175f,0.3249f,-0.9456f,0.063f,0f,0f,0f,1f],start_interpolation: 0,interpolation_duration: 1}
$data merge entity $(bone_left_arm) {transformation: [-0.9998f,0.0107f,-0.0138f,0.3759f,0f,0.788f,0.6157f,-0.8609f,0.0175f,0.6156f,-0.7879f,0.0499f,0f,0f,0f,1f],start_interpolation: 0,interpolation_duration: 1}
$data merge entity $(bone_torso) {transformation: [-0.9998f,0.0009f,-0.0174f,0f,0f,0.9986f,0.0523f,-1.9375f,0.0175f,0.0523f,-0.9985f,0f,0f,0f,0f,1f],start_interpolation: 0,interpolation_duration: 1}
$data merge entity $(bone_right_leg) {transformation: [-1f,0f,0f,-0.2344f,0f,0.9239f,0.3827f,-1.9156f,0f,0.3827f,-0.9239f,-0.0313f,0f,0f,0f,1f],start_interpolation: 0,interpolation_duration: 1}
$data merge entity $(bone_left_leg) {transformation: [-1f,0f,0f,0.2344f,0f,0.9069f,-0.4214f,-2.0312f,0f,-0.4214f,-0.9069f,0f,0f,0f,0f,1f],start_interpolation: 0,interpolation_duration: 1}
$data merge entity $(bone_right_leg_hazmat) {transformation: [0.9998f,0.0196f,0.0039f,0.7315f,0.0015f,0.1176f,-0.9931f,-2.8579f,-0.0199f,0.9929f,0.1176f,-1.2714f,0f,0f,0f,1f],start_interpolation: 0,interpolation_duration: 1}
$data merge entity $(bone_left_leg_hazmat) {transformation: [0.9982f,-0.0595f,0.0053f,0.3881f,0.0133f,0.1352f,-0.9907f,-2.8579f,0.0582f,0.989f,0.1358f,-1.2564f,0f,0f,0f,1f],start_interpolation: 0,interpolation_duration: 1}
$data merge entity $(bone_right_arm_hazmat) {transformation: [-0.9238f,0.3363f,-0.1829f,0.9138f,-0.1993f,-0.8305f,-0.5202f,-2.2397f,-0.3269f,-0.4441f,0.8342f,-0.954f,0f,0f,0f,1f],start_interpolation: 0,interpolation_duration: 1}
$data merge entity $(bone_left_arm_hazmat) {transformation: [0.8949f,-0.4085f,0.1797f,0.1603f,-0.4385f,-0.8798f,0.1834f,-2.1681f,0.0832f,-0.243f,-0.9665f,-1.1475f,0f,0f,0f,1f],start_interpolation: 0,interpolation_duration: 1}
$data merge entity $(bone_helmet) {transformation: [0.9645f,0.0131f,-0.2637f,0.5517f,-0.0916f,0.9534f,-0.2875f,-2.2351f,0.2477f,0.3015f,0.9207f,-1.0563f,0f,0f,0f,1f],start_interpolation: 0,interpolation_duration: 1}
$data merge entity $(bone_upper) {transformation: [0.9645f,0.0131f,-0.2637f,0.513f,-0.0916f,0.9534f,-0.2875f,-2.8579f,0.2477f,0.3015f,0.9207f,-1.2619f,0f,0f,0f,1f],start_interpolation: 0,interpolation_duration: 1}
data modify entity @s data merge value {"cameras":{},"locators":{"left_arm_grab":{"posx":0.5738562450330351,"posy":-1.9271295838168205,"posz":-0.7867772333839828,"roty":359,"rotx":38.00000000000001},"camera":{"posx":0.634553637764955,"posy":-1.8807375889656663,"posz":-1.2477224439721726,"roty":195.9836625700463,"rotx":-16.71009441870453}}}