# This file was generated by Animated Java via MC-Build. It is not recommended to edit this file directly.
$data merge entity $(bone_head) {transformation: [-0.9817f,0.0038f,-0.1904f,0.0016f,-0.0376f,0.9763f,0.2132f,-0.8635f,0.1867f,0.2164f,-0.9583f,0.094f,0f,0f,0f,1f],start_interpolation: 0,interpolation_duration: 1}
$data merge entity $(bone_knife) {transformation: [-0.9998f,0.0067f,-0.0161f,-0.5684f,0f,0.9239f,0.3827f,-2.0014f,0.0175f,0.3826f,-0.9237f,-0.3337f,0f,0f,0f,1f],start_interpolation: 0,interpolation_duration: 1}
$data merge entity $(bone_right_arm) {transformation: [-0.9998f,0.0067f,-0.0161f,-0.3733f,0f,0.9239f,0.3827f,-0.8635f,0.0175f,0.3826f,-0.9237f,0.1005f,0f,0f,0f,1f],start_interpolation: 0,interpolation_duration: 1}
$data merge entity $(bone_left_arm) {transformation: [-0.9998f,0.0112f,-0.0134f,0.3766f,0f,0.766f,0.6428f,-0.8635f,0.0175f,0.6427f,-0.7659f,0.0874f,0f,0f,0f,1f],start_interpolation: 0,interpolation_duration: 1}
$data merge entity $(bone_torso) {transformation: [-0.9998f,0.0015f,-0.0174f,0f,0f,0.9962f,0.0872f,-1.9375f,0.0175f,0.0871f,-0.996f,0f,0f,0f,0f,1f],start_interpolation: 0,interpolation_duration: 1}
$data merge entity $(bone_right_leg) {transformation: [-1f,0f,0f,-0.2344f,0f,0.9239f,0.3827f,-1.9531f,0f,0.3827f,-0.9239f,-0.0313f,0f,0f,0f,1f],start_interpolation: 0,interpolation_duration: 1}
$data merge entity $(bone_left_leg) {transformation: [-1f,0f,0f,0.2344f,0f,0.9063f,-0.4226f,-2.0312f,0f,-0.4226f,-0.9063f,0f,0f,0f,0f,1f],start_interpolation: 0,interpolation_duration: 1}
$data merge entity $(bone_right_leg_hazmat) {transformation: [0.9395f,-0.3424f,0.0057f,0.7315f,0.05f,0.1206f,-0.9914f,-2.8579f,0.3387f,0.9318f,0.1304f,-1.2714f,0f,0f,0f,1f],start_interpolation: 0,interpolation_duration: 1}
$data merge entity $(bone_left_leg_hazmat) {transformation: [0.999f,0.0432f,0.0057f,0.3881f,0f,0.1305f,-0.9914f,-2.8579f,-0.0436f,0.9905f,0.1304f,-1.2564f,0f,0f,0f,1f],start_interpolation: 0,interpolation_duration: 1}
$data merge entity $(bone_right_arm_hazmat) {transformation: [-0.9246f,0.3358f,-0.18f,0.9142f,-0.2005f,-0.8306f,-0.5195f,-2.239f,-0.3239f,-0.4442f,0.8353f,-0.9558f,0f,0f,0f,1f],start_interpolation: 0,interpolation_duration: 1}
$data merge entity $(bone_left_arm_hazmat) {transformation: [0.8955f,-0.4084f,0.1767f,0.16f,-0.4376f,-0.8805f,0.1826f,-2.1683f,0.081f,-0.2408f,-0.9672f,-1.1472f,0f,0f,0f,1f],start_interpolation: 0,interpolation_duration: 1}
$data merge entity $(bone_helmet) {transformation: [0.9653f,0.0131f,-0.2607f,0.5518f,-0.0904f,0.9537f,-0.2868f,-2.2349f,0.2449f,0.3004f,0.9218f,-1.0571f,0f,0f,0f,1f],start_interpolation: 0,interpolation_duration: 1}
$data merge entity $(bone_upper) {transformation: [0.9653f,0.0131f,-0.2607f,0.513f,-0.0904f,0.9537f,-0.2868f,-2.8579f,0.2449f,0.3004f,0.9218f,-1.2619f,0f,0f,0f,1f],start_interpolation: 0,interpolation_duration: 1}
data modify entity @s data merge value {"cameras":{},"locators":{"left_arm_grab":{"posx":0.5738708183468441,"posy":-1.900031478215204,"posz":-0.7859423287950376,"roty":359,"rotx":40.00000000000001},"camera":{"posx":0.6336806217227392,"posy":-1.8806100639791643,"posz":-1.2491262595756254,"roty":195.79388392088046,"rotx":-16.665768674049875}}}