# This file was generated by Animated Java via MC-Build. It is not recommended to edit this file directly.
$data merge entity $(bone_head) {transformation: [-0.9962f,0.0028f,-0.0869f,0.0007f,-0.0116f,0.9862f,0.1651f,-0.86f,0.0862f,0.1655f,-0.9824f,0.0376f,0f,0f,0f,1f],start_interpolation: 0,interpolation_duration: 1}
$data merge entity $(bone_knife) {transformation: [-0.9998f,0.0041f,-0.017f,-0.5662f,0f,0.9722f,0.2341f,-2.0522f,0.0175f,0.234f,-0.9721f,-0.2074f,0f,0f,0f,1f],start_interpolation: 0,interpolation_duration: 1}
$data merge entity $(bone_right_arm) {transformation: [-0.9998f,0.0041f,-0.017f,-0.3743f,0f,0.9722f,0.2341f,-0.86f,0.0175f,0.234f,-0.9721f,0.0442f,0f,0f,0f,1f],start_interpolation: 0,interpolation_duration: 1}
$data merge entity $(bone_left_arm) {transformation: [-0.9998f,0.0105f,-0.0139f,0.3756f,0f,0.7986f,0.6018f,-0.86f,0.0175f,0.6017f,-0.7985f,0.0311f,0f,0f,0f,1f],start_interpolation: 0,interpolation_duration: 1}
$data merge entity $(bone_torso) {transformation: [-0.9998f,0.0006f,-0.0174f,0f,0f,0.9994f,0.0349f,-1.9375f,0.0175f,0.0349f,-0.9992f,0f,0f,0f,0f,1f],start_interpolation: 0,interpolation_duration: 1}
$data merge entity $(bone_right_leg) {transformation: [-1f,0f,0f,-0.2344f,0f,0.9239f,0.3827f,-1.8969f,0f,0.3827f,-0.9239f,-0.0313f,0f,0f,0f,1f],start_interpolation: 0,interpolation_duration: 1}
$data merge entity $(bone_left_leg) {transformation: [-1f,0f,0f,0.2344f,0f,0.9091f,-0.4165f,-2.0312f,0f,-0.4165f,-0.9091f,0f,0f,0f,0f,1f],start_interpolation: 0,interpolation_duration: 1}
$data merge entity $(bone_right_leg_hazmat) {transformation: [0.9921f,0.1251f,0.0046f,0.7315f,-0.0111f,0.1248f,-0.9921f,-2.8579f,-0.1247f,0.9843f,0.1253f,-1.2714f,0f,0f,0f,1f],start_interpolation: 0,interpolation_duration: 1}
$data merge entity $(bone_left_leg_hazmat) {transformation: [0.9947f,-0.1028f,0.0048f,0.3881f,0.0191f,0.1382f,-0.9902f,-2.8579f,0.1011f,0.985f,0.1395f,-1.2564f,0f,0f,0f,1f],start_interpolation: 0,interpolation_duration: 1}
$data merge entity $(bone_right_arm_hazmat) {transformation: [-0.935f,0.3279f,-0.1349f,0.9182f,-0.2188f,-0.8329f,-0.5083f,-2.2285f,-0.279f,-0.4457f,0.8506f,-0.9838f,0f,0f,0f,1f],start_interpolation: 0,interpolation_duration: 1}
$data merge entity $(bone_left_arm_hazmat) {transformation: [0.9046f,-0.4057f,0.1307f,0.1553f,-0.4235f,-0.8899f,0.1693f,-2.1716f,0.0477f,-0.2085f,-0.9769f,-1.1423f,0f,0f,0f,1f],start_interpolation: 0,interpolation_duration: 1}
$data merge entity $(bone_helmet) {transformation: [0.9765f,0.0124f,-0.2152f,0.5516f,-0.0728f,0.9586f,-0.2754f,-2.2311f,0.2029f,0.2846f,0.9369f,-1.0688f,0f,0f,0f,1f],start_interpolation: 0,interpolation_duration: 1}
$data merge entity $(bone_upper) {transformation: [0.9765f,0.0124f,-0.2152f,0.513f,-0.0728f,0.9586f,-0.2754f,-2.8579f,0.2029f,0.2846f,0.9369f,-1.2619f,0f,0f,0f,1f],start_interpolation: 0,interpolation_duration: 1}
data modify entity @s data merge value {"cameras":{},"locators":{"left_arm_grab":{"posx":0.5738551507262322,"posy":-1.9406854391527804,"posz":-0.786839926178736,"roty":359,"rotx":37},"camera":{"posx":0.619668211374908,"posy":-1.8789308435175245,"posz":-1.2698317389189655,"roty":192.9339588210131,"rotx":-15.984340298182264}}}