# This file was generated by Animated Java via MC-Build. It is not recommended to edit this file directly.
$data merge entity $(bone_head) {transformation: [-0.9986f,0.0026f,-0.0521f,0.0003f,-0.0052f,0.989f,0.148f,-0.8595f,0.0519f,0.1481f,-0.9876f,0.0188f,0f,0f,0f,1f],start_interpolation: 0,interpolation_duration: 1}
$data merge entity $(bone_knife) {transformation: [-0.9998f,0.0034f,-0.0171f,-0.5656f,0f,0.9813f,0.1925f,-2.0615f,0.0175f,0.1924f,-0.9812f,-0.1752f,0f,0f,0f,1f],start_interpolation: 0,interpolation_duration: 1}
$data merge entity $(bone_right_arm) {transformation: [-0.9998f,0.0034f,-0.0171f,-0.3746f,0f,0.9813f,0.1925f,-0.8595f,0.0175f,0.1924f,-0.9812f,0.0254f,0f,0f,0f,1f],start_interpolation: 0,interpolation_duration: 1}
$data merge entity $(bone_left_arm) {transformation: [-0.9998f,0.0103f,-0.0141f,0.3753f,0f,0.809f,0.5878f,-0.8595f,0.0175f,0.5877f,-0.8089f,0.0123f,0f,0f,0f,1f],start_interpolation: 0,interpolation_duration: 1}
$data merge entity $(bone_torso) {transformation: [-0.9998f,0.0003f,-0.0174f,0f,0f,0.9998f,0.0175f,-1.9375f,0.0175f,0.0174f,-0.9997f,0f,0f,0f,0f,1f],start_interpolation: 0,interpolation_duration: 1}
$data merge entity $(bone_right_leg) {transformation: [-1f,0f,0f,-0.2344f,0f,0.9239f,0.3827f,-1.8781f,0f,0.3827f,-0.9239f,-0.0313f,0f,0f,0f,1f],start_interpolation: 0,interpolation_duration: 1}
$data merge entity $(bone_left_leg) {transformation: [-1f,0f,0f,0.2344f,0f,0.9151f,-0.4033f,-2.0312f,0f,-0.4033f,-0.9151f,0f,0f,0f,0f,1f],start_interpolation: 0,interpolation_duration: 1}
$data merge entity $(bone_right_leg_hazmat) {transformation: [0.9821f,0.1882f,0.0061f,0.7315f,-0.0189f,0.131f,-0.9912f,-2.8579f,-0.1874f,0.9733f,0.1322f,-1.2714f,0f,0f,0f,1f],start_interpolation: 0,interpolation_duration: 1}
$data merge entity $(bone_left_leg_hazmat) {transformation: [0.9978f,-0.0658f,0.0052f,0.3881f,0.0142f,0.1356f,-0.9907f,-2.8579f,0.0645f,0.9886f,0.1363f,-1.2564f,0f,0f,0f,1f],start_interpolation: 0,interpolation_duration: 1}
$data merge entity $(bone_right_arm_hazmat) {transformation: [-0.9362f,0.3269f,-0.1289f,0.9186f,-0.2212f,-0.8332f,-0.5068f,-2.2271f,-0.273f,-0.4459f,0.8524f,-0.9875f,0f,0f,0f,1f],start_interpolation: 0,interpolation_duration: 1}
$data merge entity $(bone_left_arm_hazmat) {transformation: [0.9057f,-0.4051f,0.1246f,0.1547f,-0.4217f,-0.8911f,0.1675f,-2.172f,0.0432f,-0.2042f,-0.978f,-1.1416f,0f,0f,0f,1f],start_interpolation: 0,interpolation_duration: 1}
$data merge entity $(bone_helmet) {transformation: [0.9778f,0.0122f,-0.2091f,0.5515f,-0.0705f,0.9592f,-0.2738f,-2.2307f,0.1972f,0.2825f,0.9388f,-1.0703f,0f,0f,0f,1f],start_interpolation: 0,interpolation_duration: 1}
$data merge entity $(bone_upper) {transformation: [0.9778f,0.0122f,-0.2091f,0.513f,-0.0705f,0.9592f,-0.2738f,-2.8579f,0.1972f,0.2825f,0.9388f,-1.2619f,0f,0f,0f,1f],start_interpolation: 0,interpolation_duration: 1}
data modify entity @s data merge value {"cameras":{},"locators":{"left_arm_grab":{"posx":0.5738581855164993,"posy":-1.9542403241731165,"posz":-0.7866660631607741,"roty":359,"rotx":35.99999999999999},"camera":{"posx":0.6176954324653545,"posy":-1.878743244585756,"posz":-1.2725029387092008,"roty":192.55578107311356,"rotx":-15.892364829336488}}}