# This file was generated by Animated Java via MC-Build. It is not recommended to edit this file directly.
$data merge entity $(bone_head) {transformation: [-0.9998f,0.0023f,-0.0173f,0f,0f,0.9914f,0.1305f,-0.8594f,0.0175f,0.1305f,-0.9913f,0f,0f,0f,0f,1f],start_interpolation: 0,interpolation_duration: 1}
$data merge entity $(bone_knife) {transformation: [-0.9998f,0.003f,-0.0172f,-0.5656f,0f,0.9848f,0.1736f,-2.065f,0.0175f,0.1736f,-0.9847f,-0.171f,0f,0f,0f,1f],start_interpolation: 0,interpolation_duration: 1}
$data merge entity $(bone_right_arm) {transformation: [-0.9998f,0.003f,-0.0172f,-0.3749f,0f,0.9848f,0.1736f,-0.8594f,0.0175f,0.1736f,-0.9847f,0.0065f,0f,0f,0f,1f],start_interpolation: 0,interpolation_duration: 1}
$data merge entity $(bone_left_arm) {transformation: [-0.9998f,0.01f,-0.0143f,0.3749f,0f,0.8192f,0.5736f,-0.8594f,0.0175f,0.5735f,-0.819f,-0.0065f,0f,0f,0f,1f],start_interpolation: 0,interpolation_duration: 1}
$data merge entity $(bone_torso) {transformation: [-0.9998f,0f,-0.0175f,0f,0f,1f,0f,-1.9375f,0.0175f,0f,-0.9998f,0f,0f,0f,0f,1f],start_interpolation: 0,interpolation_duration: 1}
$data merge entity $(bone_right_leg) {transformation: [-1f,0f,0f,-0.2344f,0f,0.9239f,0.3827f,-1.8594f,0f,0.3827f,-0.9239f,-0.0313f,0f,0f,0f,1f],start_interpolation: 0,interpolation_duration: 1}
$data merge entity $(bone_left_leg) {transformation: [-1f,0f,0f,0.2344f,0f,0.927f,-0.3751f,-2.0312f,0f,-0.3751f,-0.927f,0f,0f,0f,0f,1f],start_interpolation: 0,interpolation_duration: 1}
$data merge entity $(bone_right_leg_hazmat) {transformation: [0.9758f,0.2183f,0.0072f,0.7315f,-0.0228f,0.1344f,-0.9907f,-2.8579f,-0.2173f,0.9666f,0.1361f,-1.2714f,0f,0f,0f,1f],start_interpolation: 0,interpolation_duration: 1}
$data merge entity $(bone_left_leg_hazmat) {transformation: [0.9941f,0.1085f,0.0057f,0.3881f,-0.0085f,0.1293f,-0.9916f,-2.8579f,-0.1083f,0.9857f,0.1294f,-1.2564f,0f,0f,0f,1f],start_interpolation: 0,interpolation_duration: 1}
$data merge entity $(bone_right_arm_hazmat) {transformation: [-0.9344f,0.3284f,-0.1379f,0.918f,-0.2176f,-0.8328f,-0.509f,-2.2292f,-0.282f,-0.4456f,0.8496f,-0.982f,0f,0f,0f,1f],start_interpolation: 0,interpolation_duration: 1}
$data merge entity $(bone_left_arm_hazmat) {transformation: [0.9041f,-0.4059f,0.1338f,0.1556f,-0.4245f,-0.8893f,0.1702f,-2.1714f,0.0499f,-0.2106f,-0.9763f,-1.1426f,0f,0f,0f,1f],start_interpolation: 0,interpolation_duration: 1}
$data merge entity $(bone_helmet) {transformation: [0.9758f,0.0125f,-0.2182f,0.5517f,-0.074f,0.9583f,-0.2761f,-2.2314f,0.2056f,0.2856f,0.936f,-1.068f,0f,0f,0f,1f],start_interpolation: 0,interpolation_duration: 1}
$data merge entity $(bone_upper) {transformation: [0.9758f,0.0125f,-0.2182f,0.513f,-0.074f,0.9583f,-0.2761f,-2.8579f,0.2056f,0.2856f,0.936f,-1.2619f,0f,0f,0f,1f],start_interpolation: 0,interpolation_duration: 1}
data modify entity @s data merge value {"cameras":{},"locators":{"left_arm_grab":{"posx":0.57386534847941,"posy":-1.967790109928542,"posz":-0.7862556972904574,"roty":359,"rotx":35},"camera":{"posx":0.6206387491612261,"posy":-1.8790271465699524,"posz":-1.2684974767828558,"roty":193.1220016569569,"rotx":-16.029912576381758}}}