# This file was generated by Animated Java via MC-Build. It is not recommended to edit this file directly.
$data merge entity $(bone_head) {transformation: [-0.9998f,0.0026f,0.0176f,0.0003f,0.0052f,0.989f,0.148f,-0.8595f,-0.0171f,0.1481f,-0.9888f,0.0188f,0f,0f,0f,1f],start_interpolation: 0,interpolation_duration: 1}
$data merge entity $(bone_knife) {transformation: [-0.9998f,0.0025f,-0.0173f,-0.5646f,0f,0.9898f,0.1426f,-2.0703f,0.0175f,0.1426f,-0.9896f,-0.1142f,0f,0f,0f,1f],start_interpolation: 0,interpolation_duration: 1}
$data merge entity $(bone_right_arm) {transformation: [-0.9998f,0.0025f,-0.0173f,-0.3746f,0f,0.9898f,0.1426f,-0.8595f,0.0175f,0.1426f,-0.9896f,0.0254f,0f,0f,0f,1f],start_interpolation: 0,interpolation_duration: 1}
$data merge entity $(bone_left_arm) {transformation: [-0.9998f,0.0103f,-0.0141f,0.3753f,0f,0.809f,0.5878f,-0.8595f,0.0175f,0.5877f,-0.8089f,0.0123f,0f,0f,0f,1f],start_interpolation: 0,interpolation_duration: 1}
$data merge entity $(bone_torso) {transformation: [-0.9998f,0.0003f,-0.0174f,0f,0f,0.9998f,0.0175f,-1.9375f,0.0175f,0.0174f,-0.9997f,0f,0f,0f,0f,1f],start_interpolation: 0,interpolation_duration: 1}
$data merge entity $(bone_right_leg) {transformation: [-1f,0f,0f,-0.2344f,0f,0.9255f,0.3788f,-1.8594f,0f,0.3788f,-0.9255f,-0.0313f,0f,0f,0f,1f],start_interpolation: 0,interpolation_duration: 1}
$data merge entity $(bone_left_leg) {transformation: [-1f,0f,0f,0.2344f,0f,0.9464f,-0.323f,-2.0312f,0f,-0.323f,-0.9464f,0f,0f,0f,0f,1f],start_interpolation: 0,interpolation_duration: 1}
$data merge entity $(bone_right_leg_hazmat) {transformation: [0.9745f,0.2243f,0.0075f,0.7315f,-0.0235f,0.1351f,-0.9905f,-2.8579f,-0.2232f,0.9651f,0.137f,-1.2714f,0f,0f,0f,1f],start_interpolation: 0,interpolation_duration: 1}
$data merge entity $(bone_left_leg_hazmat) {transformation: [0.9602f,0.2791f,0.0064f,0.3881f,-0.0319f,0.1326f,-0.9907f,-2.8579f,-0.2773f,0.9511f,0.1362f,-1.2564f,0f,0f,0f,1f],start_interpolation: 0,interpolation_duration: 1}
$data merge entity $(bone_right_arm_hazmat) {transformation: [-0.9028f,0.3484f,-0.2523f,0.9047f,-0.182f,-0.8408f,-0.5099f,-2.2461f,-0.3897f,-0.4144f,0.8224f,-0.9303f,0f,0f,0f,1f],start_interpolation: 0,interpolation_duration: 1}
$data merge entity $(bone_left_arm_hazmat) {transformation: [0.877f,-0.4096f,0.251f,0.1683f,-0.4569f,-0.8727f,0.1723f,-2.1599f,0.1484f,-0.2658f,-0.9525f,-1.1767f,0f,0f,0f,1f],start_interpolation: 0,interpolation_duration: 1}
$data merge entity $(bone_helmet) {transformation: [0.9425f,0.0128f,-0.3338f,0.5509f,-0.1103f,0.9551f,-0.2749f,-2.2346f,0.3153f,0.296f,0.9016f,-1.0578f,0f,0f,0f,1f],start_interpolation: 0,interpolation_duration: 1}
$data merge entity $(bone_upper) {transformation: [0.9425f,0.0128f,-0.3338f,0.513f,-0.1103f,0.9551f,-0.2749f,-2.8579f,0.3153f,0.296f,0.9016f,-1.2619f,0f,0f,0f,1f],start_interpolation: 0,interpolation_duration: 1}
data modify entity @s data merge value {"cameras":{},"locators":{"left_arm_grab":{"posx":0.5738581855164993,"posy":-1.9542403241731165,"posz":-0.7866660631607741,"roty":359,"rotx":35.99999999999999},"camera":{"posx":0.6546051888604922,"posy":-1.8834837471701975,"posz":-1.2450573851484734,"roty":200.31756252210607,"rotx":-15.956808102555273}}}