# This file was generated by Animated Java via MC-Build. It is not recommended to edit this file directly.
$data merge entity $(bone_head) {transformation: [-0.9986f,0.0029f,0.0526f,0.0007f,0.0116f,0.9862f,0.1651f,-0.86f,-0.0514f,0.1655f,-0.9849f,0.0376f,0f,0f,0f,1f],start_interpolation: 0,interpolation_duration: 1}
$data merge entity $(bone_knife) {transformation: [-0.9998f,0.0002f,-0.0175f,-0.5615f,0f,0.9999f,0.014f,-2.0791f,0.0175f,0.014f,-0.9998f,0.0617f,0f,0f,0f,1f],start_interpolation: 0,interpolation_duration: 1}
$data merge entity $(bone_right_arm) {transformation: [-0.9998f,0.0002f,-0.0175f,-0.3743f,0f,0.9999f,0.014f,-0.86f,0.0175f,0.014f,-0.9998f,0.0442f,0f,0f,0f,1f],start_interpolation: 0,interpolation_duration: 1}
$data merge entity $(bone_left_arm) {transformation: [-0.9998f,0.0105f,-0.0139f,0.3756f,0f,0.7986f,0.6018f,-0.86f,0.0175f,0.6017f,-0.7985f,0.0311f,0f,0f,0f,1f],start_interpolation: 0,interpolation_duration: 1}
$data merge entity $(bone_torso) {transformation: [-0.9998f,0.0006f,-0.0174f,0f,0f,0.9994f,0.0349f,-1.9375f,0.0175f,0.0349f,-0.9992f,0f,0f,0f,0f,1f],start_interpolation: 0,interpolation_duration: 1}
$data merge entity $(bone_right_leg) {transformation: [-1f,0f,0f,-0.2344f,0f,0.9672f,0.2541f,-1.8594f,0f,0.2541f,-0.9672f,-0.0313f,0f,0f,0f,1f],start_interpolation: 0,interpolation_duration: 1}
$data merge entity $(bone_left_leg) {transformation: [-1f,0f,0f,0.2344f,0f,0.972f,-0.2351f,-2.0312f,0f,-0.2351f,-0.972f,0f,0f,0f,0f,1f],start_interpolation: 0,interpolation_duration: 1}
$data merge entity $(bone_right_leg_hazmat) {transformation: [0.9767f,0.2145f,0.0071f,0.7315f,-0.0223f,0.134f,-0.9907f,-2.8579f,-0.2135f,0.9675f,0.1356f,-1.2714f,0f,0f,0f,1f],start_interpolation: 0,interpolation_duration: 1}
$data merge entity $(bone_left_leg_hazmat) {transformation: [0.9493f,0.3143f,0.007f,0.3881f,-0.0372f,0.1345f,-0.9902f,-2.8579f,-0.3122f,0.9397f,0.1394f,-1.2564f,0f,0f,0f,1f],start_interpolation: 0,interpolation_duration: 1}
$data merge entity $(bone_right_arm_hazmat) {transformation: [-0.9254f,0.3355f,-0.1762f,0.9143f,-0.2059f,-0.8356f,-0.5093f,-2.2346f,-0.3181f,-0.435f,0.8423f,-0.965f,0f,0f,0f,1f],start_interpolation: 0,interpolation_duration: 1}
$data merge entity $(bone_left_arm_hazmat) {transformation: [0.8965f,-0.4079f,0.173f,0.1594f,-0.4352f,-0.884f,0.1708f,-2.1675f,0.0833f,-0.2284f,-0.97f,-1.1545f,0f,0f,0f,1f],start_interpolation: 0,interpolation_duration: 1}
$data merge entity $(bone_helmet) {transformation: [0.9663f,0.0127f,-0.2571f,0.5515f,-0.0859f,0.9574f,-0.2757f,-2.2323f,0.2426f,0.2885f,0.9262f,-1.065f,0f,0f,0f,1f],start_interpolation: 0,interpolation_duration: 1}
$data merge entity $(bone_upper) {transformation: [0.9663f,0.0127f,-0.2571f,0.513f,-0.0859f,0.9574f,-0.2757f,-2.8579f,0.2426f,0.2885f,0.9262f,-1.2619f,0f,0f,0f,1f],start_interpolation: 0,interpolation_duration: 1}
data modify entity @s data merge value {"cameras":{},"locators":{"left_arm_grab":{"posx":0.5738551507262322,"posy":-1.9406854391527804,"posz":-0.7868399261787359,"roty":359,"rotx":37},"camera":{"posx":0.6322063237292296,"posy":-1.8803460221986223,"posz":-1.2616771472116022,"roty":195.5114025337134,"rotx":-16.004845127727688}}}