# This file was generated by Animated Java via MC-Build. It is not recommended to edit this file directly.
$data merge entity $(bone_head) {transformation: [-0.9962f,0.0032f,0.0875f,0.001f,0.0191f,0.9832f,0.1817f,-0.8609f,-0.0854f,0.1827f,-0.9795f,0.0564f,0f,0f,0f,1f],start_interpolation: 0,interpolation_duration: 1}
$data merge entity $(bone_knife) {transformation: [-0.9998f,-0.0033f,-0.0171f,-0.5569f,0f,0.9823f,-0.1874f,-2.0522f,0.0175f,-0.1874f,-0.9821f,0.3253f,0f,0f,0f,1f],start_interpolation: 0,interpolation_duration: 1}
$data merge entity $(bone_right_arm) {transformation: [-0.9998f,-0.0033f,-0.0171f,-0.374f,0f,0.9823f,-0.1874f,-0.8609f,0.0175f,-0.1874f,-0.9821f,0.063f,0f,0f,0f,1f],start_interpolation: 0,interpolation_duration: 1}
$data merge entity $(bone_left_arm) {transformation: [-0.9998f,0.0107f,-0.0138f,0.3759f,0f,0.788f,0.6157f,-0.8609f,0.0175f,0.6156f,-0.7879f,0.0499f,0f,0f,0f,1f],start_interpolation: 0,interpolation_duration: 1}
$data merge entity $(bone_torso) {transformation: [-0.9998f,0.0009f,-0.0174f,0f,0f,0.9986f,0.0523f,-1.9375f,0.0175f,0.0523f,-0.9985f,0f,0f,0f,0f,1f],start_interpolation: 0,interpolation_duration: 1}
$data merge entity $(bone_right_leg) {transformation: [-1f,0f,0f,-0.2344f,0f,0.9552f,-0.296f,-1.8594f,0f,-0.296f,-0.9552f,-0.0313f,0f,0f,0f,1f],start_interpolation: 0,interpolation_duration: 1}
$data merge entity $(bone_left_leg) {transformation: [-1f,0f,0f,0.2344f,0f,0.9953f,-0.0966f,-2.0312f,0f,-0.0966f,-0.9953f,0f,0f,0f,0f,1f],start_interpolation: 0,interpolation_duration: 1}
$data merge entity $(bone_right_leg_hazmat) {transformation: [0.9803f,0.1972f,0.0064f,0.7315f,-0.02f,0.132f,-0.9911f,-2.8579f,-0.1963f,0.9714f,0.1333f,-1.2714f,0f,0f,0f,1f],start_interpolation: 0,interpolation_duration: 1}
$data merge entity $(bone_left_leg_hazmat) {transformation: [0.962f,0.273f,0.0063f,0.3881f,-0.031f,0.1323f,-0.9907f,-2.8579f,-0.2713f,0.9529f,0.1358f,-1.2564f,0f,0f,0f,1f],start_interpolation: 0,interpolation_duration: 1}
$data merge entity $(bone_right_arm_hazmat) {transformation: [-0.8875f,0.158f,0.4329f,0.8991f,-0.384f,-0.7729f,-0.5051f,-2.1617f,0.2548f,-0.6145f,0.7466f,-1.1997f,0f,0f,0f,1f],start_interpolation: 0,interpolation_duration: 1}
$data merge entity $(bone_left_arm_hazmat) {transformation: [0.8374f,-0.3075f,-0.4519f,0.1757f,-0.2587f,-0.9513f,0.1678f,-2.2417f,-0.4814f,-0.0236f,-0.8762f,-0.9158f,0f,0f,0f,1f],start_interpolation: 0,interpolation_duration: 1}
$data merge entity $(bone_helmet) {transformation: [0.926f,0.0144f,0.3773f,0.5514f,0.1025f,0.9522f,-0.2878f,-2.2299f,-0.3634f,0.3052f,0.8802f,-1.073f,0f,0f,0f,1f],start_interpolation: 0,interpolation_duration: 1}
$data merge entity $(bone_upper) {transformation: [0.926f,0.0144f,0.3773f,0.513f,0.1025f,0.9522f,-0.2878f,-2.8579f,-0.3634f,0.3052f,0.8802f,-1.2619f,0f,0f,0f,1f],start_interpolation: 0,interpolation_duration: 1}
data modify entity @s data merge value {"cameras":{},"locators":{"left_arm_grab":{"posx":0.5738562450330351,"posy":-1.9271295838168205,"posz":-0.7867772333839828,"roty":359,"rotx":38.00000000000001},"camera":{"posx":0.4422497571454782,"posy":-1.8757064718962662,"posz":-1.25119148781374,"roty":156.79883576347055,"rotx":-16.72805263552675}}}