# This file was generated by Animated Java via MC-Build. It is not recommended to edit this file directly.
$data merge entity $(bone_head) {transformation: [-0.9925f,0.0035f,0.1222f,0.0013f,0.0278f,0.9799f,0.1977f,-0.862f,-0.1191f,0.1997f,-0.9726f,0.0752f,0f,0f,0f,1f],start_interpolation: 0,interpolation_duration: 1}
$data merge entity $(bone_knife) {transformation: [-0.9998f,-0.0055f,-0.0166f,-0.5539f,0f,0.95f,-0.3123f,-2.01f,0.0175f,-0.3123f,-0.9498f,0.4953f,0f,0f,0f,1f],start_interpolation: 0,interpolation_duration: 1}
$data merge entity $(bone_right_arm) {transformation: [-0.9998f,-0.0055f,-0.0166f,-0.3736f,0f,0.95f,-0.3123f,-0.862f,0.0175f,-0.3123f,-0.9498f,0.0817f,0f,0f,0f,1f],start_interpolation: 0,interpolation_duration: 1}
$data merge entity $(bone_left_arm) {transformation: [-0.9998f,0.011f,-0.0136f,0.3763f,0f,0.7771f,0.6293f,-0.862f,0.0175f,0.6292f,-0.777f,0.0687f,0f,0f,0f,1f],start_interpolation: 0,interpolation_duration: 1}
$data merge entity $(bone_torso) {transformation: [-0.9998f,0.0012f,-0.0174f,0f,0f,0.9976f,0.0698f,-1.9375f,0.0175f,0.0697f,-0.9974f,0f,0f,0f,0f,1f],start_interpolation: 0,interpolation_duration: 1}
$data merge entity $(bone_right_leg) {transformation: [-1f,0f,0f,-0.2344f,0f,0.9081f,-0.4188f,-1.9219f,0f,-0.4188f,-0.9081f,-0.0156f,0f,0f,0f,1f],start_interpolation: 0,interpolation_duration: 1}
$data merge entity $(bone_left_leg) {transformation: [-1f,0f,0f,0.2344f,0f,0.9942f,0.1074f,-2.0271f,0f,0.1074f,-0.9942f,-0.0042f,0f,0f,0f,1f],start_interpolation: 0,interpolation_duration: 1}
$data merge entity $(bone_right_leg_hazmat) {transformation: [0.9835f,0.1807f,0.0059f,0.7315f,-0.018f,0.1302f,-0.9913f,-2.8579f,-0.1799f,0.9749f,0.1313f,-1.2714f,0f,0f,0f,1f],start_interpolation: 0,interpolation_duration: 1}
$data merge entity $(bone_left_leg_hazmat) {transformation: [0.9782f,0.2077f,0.0058f,0.3881f,-0.0217f,0.13f,-0.9913f,-2.8579f,-0.2066f,0.9695f,0.1317f,-1.2564f,0f,0f,0f,1f],start_interpolation: 0,interpolation_duration: 1}
$data merge entity $(bone_right_arm_hazmat) {transformation: [-0.8569f,0.1264f,0.4998f,0.888f,-0.4065f,-0.7619f,-0.5043f,-2.1541f,0.3171f,-0.6353f,0.7042f,-1.2201f,0f,0f,0f,1f],start_interpolation: 0,interpolation_duration: 1}
$data merge entity $(bone_left_arm_hazmat) {transformation: [0.803f,-0.2883f,-0.5216f,0.1905f,-0.2345f,-0.9575f,0.1682f,-2.2535f,-0.5479f,-0.0128f,-0.8365f,-0.8825f,0f,0f,0f,1f],start_interpolation: 0,interpolation_duration: 1}
$data merge entity $(bone_helmet) {transformation: [0.8928f,0.0179f,0.4501f,0.5526f,0.1271f,0.9486f,-0.2899f,-2.2315f,-0.4321f,0.3161f,0.8446f,-1.068f,0f,0f,0f,1f],start_interpolation: 0,interpolation_duration: 1}
$data merge entity $(bone_upper) {transformation: [0.8928f,0.0179f,0.4501f,0.513f,0.1271f,0.9486f,-0.2899f,-2.8579f,-0.4321f,0.3161f,0.8446f,-1.2619f,0f,0f,0f,1f],start_interpolation: 0,interpolation_duration: 1}
data modify entity @s data merge value {"cameras":{},"locators":{"left_arm_grab":{"posx":0.5738614681035716,"posy":-1.9135768874100905,"posz":-0.7864780038733474,"roty":359,"rotx":38.99999999999999},"camera":{"posx":0.42263828663500574,"posy":-1.8776991569733037,"posz":-1.2324595269419167,"roty":151.94916275162853,"rotx":-16.852623827057894}}}