# This file was generated by Animated Java via MC-Build. It is not recommended to edit this file directly.
$data merge entity $(bone_right_leg_hazmat) {transformation: [-0.9914f,0.1305f,0f,-0.2188f,0f,0f,-1f,0.0937f,-0.1305f,-0.9914f,0f,0.25f,0f,0f,0f,1f],start_interpolation: 0,interpolation_duration: 1}
$data merge entity $(bone_left_leg_hazmat) {transformation: [-0.9848f,-0.1736f,0f,0.125f,0f,0f,-1f,0.0937f,0.1736f,-0.9848f,0f,0.25f,0f,0f,0f,1f],start_interpolation: 0,interpolation_duration: 1}
$data merge entity $(bone_right_arm_hazmat) {transformation: [-0.9659f,0.2588f,0f,-0.4062f,0f,0f,-1f,0.0938f,-0.2588f,-0.9659f,0f,-0.4375f,0f,0f,0f,1f],start_interpolation: 0,interpolation_duration: 1}
$data merge entity $(bone_left_arm_hazmat) {transformation: [-0.9659f,-0.2588f,0f,0.375f,0f,0f,-1f,0.0938f,0.2588f,-0.9659f,0f,-0.4375f,0f,0f,0f,1f],start_interpolation: 0,interpolation_duration: 1}
$data merge entity $(bone_helmet) {transformation: [-0.9239f,0.3827f,0f,0.0625f,0f,0f,-1f,0.0938f,-0.3827f,-0.9239f,0f,-1.375f,0f,0f,0f,1f],start_interpolation: 0,interpolation_duration: 1}
$data merge entity $(bone_upper) {transformation: [-1f,0f,0f,0f,0f,0f,-1f,0.0937f,0f,-1f,0f,0.25f,0f,0f,0f,1f],start_interpolation: 0,interpolation_duration: 1}
data modify entity @s data merge value {"cameras":{},"locators":{"camera":{"posx":-0.031249999999999795,"posy":0.39375000000000027,"posz":-1.65625,"roty":0,"rotx":-90}}}