# This file was generated by Animated Java via MC-Build. It is not recommended to edit this file directly.
$data merge entity $(bone_head) {transformation: [-0.808f,-0.5888f,-0.0208f,-0.1844f,-0.5821f,0.7923f,0.1828f,-0.8457f,-0.0911f,0.1598f,-0.9829f,0.0602f,0f,0f,0f,1f],start_interpolation: 0,interpolation_duration: 1}
$data merge entity $(bone_knife) {transformation: [-0.9698f,-0.2153f,0.1142f,-0.4711f,-0.1581f,0.9124f,0.3777f,-2.0584f,-0.1855f,0.3482f,-0.9189f,-0.4399f,0f,0f,0f,1f],start_interpolation: 0,interpolation_duration: 1}
$data merge entity $(bone_right_arm) {transformation: [-0.9698f,-0.2153f,0.1142f,-0.5481f,-0.1581f,0.9124f,0.3777f,-0.905f,-0.1855f,0.3482f,-0.9189f,-0.0094f,0f,0f,0f,1f],start_interpolation: 0,interpolation_duration: 1}
$data merge entity $(bone_left_arm) {transformation: [-0.9208f,0.2895f,-0.2612f,0.3845f,-0.3627f,-0.3903f,0.8462f,-0.8856f,0.1431f,0.874f,0.4644f,0.8263f,0f,0f,0f,1f],start_interpolation: 0,interpolation_duration: 1}
$data merge entity $(bone_torso) {transformation: [-0.9698f,-0.171f,0.1736f,0f,-0.1581f,0.9837f,0.0858f,-1.9062f,-0.1855f,0.0558f,-0.9811f,0f,0f,0f,0f,1f],start_interpolation: 0,interpolation_duration: 1}
$data merge entity $(bone_right_leg) {transformation: [-1f,0f,0f,-0.2344f,0f,0.9239f,0.3827f,-1.9531f,0f,0.3827f,-0.9239f,-0.0313f,0f,0f,0f,1f],start_interpolation: 0,interpolation_duration: 1}
$data merge entity $(bone_left_leg) {transformation: [-1f,0f,0f,0.2344f,0f,0.9063f,-0.4226f,-2.0312f,0f,-0.4226f,-0.9063f,0f,0f,0f,0f,1f],start_interpolation: 0,interpolation_duration: 1}
$data merge entity $(bone_right_leg_hazmat) {transformation: [0.9959f,-0.0795f,-0.043f,0.1886f,0.0858f,0.9811f,0.1736f,-0.7187f,0.0283f,-0.1766f,0.9839f,0.3526f,0f,0f,0f,1f],start_interpolation: 0,interpolation_duration: 1}
$data merge entity $(bone_left_leg_hazmat) {transformation: [0.9505f,0.3076f,-0.043f,-0.1549f,-0.2961f,0.9392f,0.1736f,-0.7187f,0.0938f,-0.1523f,0.9839f,0.3376f,0f,0f,0f,1f],start_interpolation: 0,interpolation_duration: 1}
$data merge entity $(bone_right_arm_hazmat) {transformation: [0.999f,0f,-0.0436f,0.4059f,0f,1f,0f,-0.7187f,0.0436f,0f,0.999f,-0.326f,0f,0f,0f,1f],start_interpolation: 0,interpolation_duration: 1}
$data merge entity $(bone_left_arm_hazmat) {transformation: [0.999f,0.0149f,-0.041f,-0.3746f,0f,0.9397f,0.342f,-0.7187f,0.0436f,-0.3417f,0.9388f,-0.3601f,0f,0f,0f,1f],start_interpolation: 0,interpolation_duration: 1}
$data merge entity $(bone_helmet) {transformation: [0.999f,0.025f,0.0357f,0.0299f,0f,-0.8192f,0.5736f,-0.7187f,0.0436f,-0.573f,-0.8184f,-0.3112f,0f,0f,0f,1f],start_interpolation: 0,interpolation_duration: 1}
$data merge entity $(bone_upper) {transformation: [0.999f,0.0436f,0f,-0.03f,0f,0f,1f,-0.7187f,0.0436f,-0.999f,0f,0.3431f,0f,0f,0f,1f],start_interpolation: 0,interpolation_duration: 1}
data modify entity @s data merge value {"cameras":{},"locators":{"left_arm_grab":{"posx":0.18836470340333983,"posy":-0.28035414496369127,"posz":-0.3867234163555726,"roty":209.34862240762874,"rotx":57.80305917069796},"camera":{"posx":0.04212510376576735,"posy":-1.01875,"posz":-0.5921489495402975,"roty":182.50000000000006,"rotx":90}}}