# This file was generated by Animated Java via MC-Build. It is not recommended to edit this file directly.
$data merge entity $(bone_head) {transformation: [-0.999f,0f,0.0436f,-0.0305f,0f,1f,0f,-0.3437f,-0.0436f,0f,-0.999f,-0.038f,0f,0f,0f,1f],start_interpolation: 0,interpolation_duration: 1}
$data merge entity $(bone_right_arm) {transformation: [-0.9763f,-0.0283f,0.2146f,-0.3661f,0f,0.9914f,0.1305f,-0.3437f,-0.2164f,0.1274f,-0.9679f,-0.1124f,0f,0f,0f,1f],start_interpolation: 0,interpolation_duration: 1}
$data merge entity $(bone_left_arm) {transformation: [-0.9763f,0.0376f,0.2132f,0.3661f,0f,0.9848f,-0.1736f,-0.3437f,-0.2164f,-0.1695f,-0.9615f,0.0499f,0f,0f,0f,1f],start_interpolation: 0,interpolation_duration: 1}
$data merge entity $(bone_torso) {transformation: [-0.9763f,0f,0.2164f,0f,0f,1f,0f,-1.0937f,-0.2164f,0f,-0.9763f,-0.0312f,0f,0f,0f,1f],start_interpolation: 0,interpolation_duration: 1}
$data merge entity $(bone_right_leg) {transformation: [-1f,0f,0f,-0.125f,0f,0.9848f,0.1736f,-1.0625f,0f,0.1736f,-0.9848f,-0.0313f,0f,0f,0f,1f],start_interpolation: 0,interpolation_duration: 1}
$data merge entity $(bone_left_leg) {transformation: [-1f,0f,0f,0.125f,0f,0.9763f,-0.2164f,-1.0625f,0f,-0.2164f,-0.9763f,0f,0f,0f,0f,1f],start_interpolation: 0,interpolation_duration: 1}
$data merge entity $(bone_steve) {transformation: [-1f,0f,0f,0f,0f,1f,0f,-1.2812f,0f,0f,-1f,-0.0312f,0f,0f,0f,1f],start_interpolation: 0,interpolation_duration: 1}