# This file was generated by Animated Java via MC-Build. It is not recommended to edit this file directly.
$data merge entity $(bone_head) {transformation: [-0.999f,0f,0.0458f,-0.0306f,0f,1f,0f,-0.3437f,-0.0458f,0f,-0.999f,-0.0374f,0f,0f,0f,1f],start_interpolation: 0,interpolation_duration: 1}
$data merge entity $(bone_right_arm) {transformation: [-0.9807f,-0.0234f,0.1941f,-0.3678f,0f,0.9928f,0.1199f,-0.3437f,-0.1955f,0.1176f,-0.9736f,-0.1046f,0f,0f,0f,1f],start_interpolation: 0,interpolation_duration: 1}
$data merge entity $(bone_left_arm) {transformation: [-0.9807f,0.0315f,0.1929f,0.3678f,0f,0.987f,-0.161f,-0.3437f,-0.1955f,-0.1579f,-0.9679f,0.0421f,0f,0f,0f,1f],start_interpolation: 0,interpolation_duration: 1}
$data merge entity $(bone_torso) {transformation: [-0.9807f,0f,0.1955f,0f,0f,1f,0f,-1.0937f,-0.1955f,0f,-0.9807f,-0.0312f,0f,0f,0f,1f],start_interpolation: 0,interpolation_duration: 1}
$data merge entity $(bone_right_leg) {transformation: [-1f,0f,0f,-0.125f,0f,0.9883f,0.1525f,-1.0625f,0f,0.1525f,-0.9883f,-0.0282f,0f,0f,0f,1f],start_interpolation: 0,interpolation_duration: 1}
$data merge entity $(bone_left_leg) {transformation: [-1f,0f,0f,0.125f,0f,0.9815f,-0.1913f,-1.0625f,0f,-0.1913f,-0.9815f,-0.0031f,0f,0f,0f,1f],start_interpolation: 0,interpolation_duration: 1}