# This file was generated by Animated Java via MC-Build. It is not recommended to edit this file directly.
$data merge entity $(bone_head) {transformation: [-0.9964f,0f,0.085f,-0.0306f,0f,1f,0f,-0.3437f,-0.085f,0f,-0.9964f,-0.0251f,0f,0f,0f,1f],start_interpolation: 0,interpolation_duration: 1}
$data merge entity $(bone_right_arm) {transformation: [-0.9807f,-0.015f,-0.1949f,-0.3678f,0f,0.9971f,-0.0765f,-0.3437f,0.1955f,-0.075f,-0.9778f,0.0421f,0f,0f,0f,1f],start_interpolation: 0,interpolation_duration: 1}
$data merge entity $(bone_left_arm) {transformation: [-0.9807f,0.0154f,-0.1949f,0.3678f,0f,0.9969f,0.0786f,-0.3437f,0.1955f,0.0771f,-0.9777f,-0.1046f,0f,0f,0f,1f],start_interpolation: 0,interpolation_duration: 1}
$data merge entity $(bone_torso) {transformation: [-0.9807f,0f,-0.1955f,0f,0f,1f,0f,-1.0937f,0.1955f,0f,-0.9807f,-0.0312f,0f,0f,0f,1f],start_interpolation: 0,interpolation_duration: 1}
$data merge entity $(bone_right_leg) {transformation: [-1f,0f,0f,-0.125f,0f,0.9712f,-0.2381f,-1.0625f,0f,-0.2381f,-0.9712f,0.0282f,0f,0f,0f,1f],start_interpolation: 0,interpolation_duration: 1}
$data merge entity $(bone_left_leg) {transformation: [-1f,0f,0f,0.125f,0f,0.9611f,0.2761f,-1.0625f,0f,0.2761f,-0.9611f,-0.0594f,0f,0f,0f,1f],start_interpolation: 0,interpolation_duration: 1}