# This file was generated by Animated Java via MC-Build. It is not recommended to edit this file directly.
$data merge entity $(bone_head) {transformation: [-0.9975f,0f,0.0708f,-0.0312f,0f,1f,0f,-0.3437f,-0.0708f,0f,-0.9975f,-0.0296f,0f,0f,0f,1f],start_interpolation: 0,interpolation_duration: 1}
$data merge entity $(bone_right_arm) {transformation: [-0.9985f,-0.0003f,-0.0543f,-0.3744f,0f,1f,-0.0053f,-0.3437f,0.0543f,-0.0053f,-0.9985f,-0.0109f,0f,0f,0f,1f],start_interpolation: 0,interpolation_duration: 1}
$data merge entity $(bone_left_arm) {transformation: [-0.9985f,0.0012f,-0.0542f,0.3744f,0f,0.9998f,0.0217f,-0.3437f,0.0543f,0.0217f,-0.9983f,-0.0516f,0f,0f,0f,1f],start_interpolation: 0,interpolation_duration: 1}
$data merge entity $(bone_torso) {transformation: [-0.9985f,0f,-0.0543f,0f,0f,1f,0f,-1.0937f,0.0543f,0f,-0.9985f,-0.0312f,0f,0f,0f,1f],start_interpolation: 0,interpolation_duration: 1}
$data merge entity $(bone_right_leg) {transformation: [-1f,0f,0f,-0.125f,0f,0.9952f,-0.0978f,-1.0625f,0f,-0.0978f,-0.9952f,0.0078f,0f,0f,0f,1f],start_interpolation: 0,interpolation_duration: 1}
$data merge entity $(bone_left_leg) {transformation: [-1f,0f,0f,0.125f,0f,0.9941f,0.1086f,-1.0625f,0f,0.1086f,-0.9941f,-0.039f,0f,0f,0f,1f],start_interpolation: 0,interpolation_duration: 1}