# This file was generated by Animated Java via MC-Build. It is not recommended to edit this file directly.
$data merge entity $(bone_head) {transformation: [-0.9982f,0f,0.06f,-0.0312f,0f,1f,0f,-0.3437f,-0.06f,0f,-0.9982f,-0.0329f,0f,0f,0f,1f],start_interpolation: 0,interpolation_duration: 1}
$data merge entity $(bone_right_arm) {transformation: [-0.9985f,-0.0027f,0.0542f,-0.3744f,0f,0.9988f,0.0489f,-0.3437f,-0.0543f,0.0489f,-0.9973f,-0.0516f,0f,0f,0f,1f],start_interpolation: 0,interpolation_duration: 1}
$data merge entity $(bone_left_arm) {transformation: [-0.9985f,0.0012f,0.0542f,0.3744f,0f,0.9998f,-0.0217f,-0.3437f,-0.0543f,-0.0217f,-0.9983f,-0.0109f,0f,0f,0f,1f],start_interpolation: 0,interpolation_duration: 1}
$data merge entity $(bone_torso) {transformation: [-0.9985f,0f,0.0543f,0f,0f,1f,0f,-1.0937f,-0.0543f,0f,-0.9985f,-0.0312f,0f,0f,0f,1f],start_interpolation: 0,interpolation_duration: 1}
$data merge entity $(bone_right_leg) {transformation: [-1f,0f,0f,-0.125f,0f,0.9999f,0.0107f,-1.0625f,0f,0.0107f,-0.9999f,-0.0078f,0f,0f,0f,1f],start_interpolation: 0,interpolation_duration: 1}
$data merge entity $(bone_left_leg) {transformation: [-1f,0f,0f,0.125f,0f,0.9998f,-0.0215f,-1.0625f,0f,-0.0215f,-0.9998f,-0.0235f,0f,0f,0f,1f],start_interpolation: 0,interpolation_duration: 1}