# This file was generated by Animated Java via MC-Build. It is not recommended to edit this file directly.
$data merge entity $(bone_head) {transformation: [-0.9988f,0f,0.0499f,-0.0309f,0f,1f,0f,-0.3437f,-0.0499f,0f,-0.9988f,-0.0361f,0f,0f,0f,1f],start_interpolation: 0,interpolation_duration: 1}
$data merge entity $(bone_right_arm) {transformation: [-0.9879f,-0.0154f,0.1544f,-0.3705f,0f,0.995f,0.0995f,-0.3437f,-0.1551f,0.0983f,-0.983f,-0.0894f,0f,0f,0f,1f],start_interpolation: 0,interpolation_duration: 1}
$data merge entity $(bone_left_arm) {transformation: [-0.9879f,0.0097f,0.1548f,0.3705f,0f,0.9981f,-0.0623f,-0.3437f,-0.1551f,-0.0615f,-0.986f,0.0269f,0f,0f,0f,1f],start_interpolation: 0,interpolation_duration: 1}
$data merge entity $(bone_torso) {transformation: [-0.9879f,0f,0.1551f,0f,0f,1f,0f,-1.0937f,-0.1551f,0f,-0.9879f,-0.0312f,0f,0f,0f,1f],start_interpolation: 0,interpolation_duration: 1}
$data merge entity $(bone_right_leg) {transformation: [-1f,0f,0f,-0.125f,0f,0.9937f,0.1119f,-1.0625f,0f,0.1119f,-0.9937f,-0.0223f,0f,0f,0f,1f],start_interpolation: 0,interpolation_duration: 1}
$data merge entity $(bone_left_leg) {transformation: [-1f,0f,0f,0.125f,0f,0.9898f,-0.1428f,-1.0625f,0f,-0.1428f,-0.9898f,-0.0089f,0f,0f,0f,1f],start_interpolation: 0,interpolation_duration: 1}