# This file was generated by Animated Java via MC-Build. It is not recommended to edit this file directly.
$data merge entity $(bone_head) {transformation: [-0.9985f,0f,0.0547f,-0.0311f,0f,1f,0f,-0.3437f,-0.0547f,0f,-0.9985f,-0.0346f,0f,0f,0f,1f],start_interpolation: 0,interpolation_duration: 1}
$data merge entity $(bone_right_arm) {transformation: [-0.9943f,-0.008f,0.1064f,-0.3729f,0f,0.9972f,0.0752f,-0.3437f,-0.1067f,0.0748f,-0.9915f,-0.0713f,0f,0f,0f,1f],start_interpolation: 0,interpolation_duration: 1}
$data merge entity $(bone_left_arm) {transformation: [-0.9943f,0.0115f,0.1061f,0.3729f,0f,0.9942f,-0.1076f,-0.3437f,-0.1067f,-0.107f,-0.9885f,0.0088f,0f,0f,0f,1f],start_interpolation: 0,interpolation_duration: 1}
$data merge entity $(bone_torso) {transformation: [-0.9943f,0f,0.1067f,0f,0f,1f,0f,-1.0937f,-0.1067f,0f,-0.9943f,-0.0312f,0f,0f,0f,1f],start_interpolation: 0,interpolation_duration: 1}
$data merge entity $(bone_right_leg) {transformation: [-1f,0f,0f,-0.125f,0f,0.998f,0.0633f,-1.0625f,0f,0.0633f,-0.998f,-0.0153f,0f,0f,0f,1f],start_interpolation: 0,interpolation_duration: 1}
$data merge entity $(bone_left_leg) {transformation: [-1f,0f,0f,0.125f,0f,0.9964f,-0.0846f,-1.0625f,0f,-0.0846f,-0.9964f,-0.0159f,0f,0f,0f,1f],start_interpolation: 0,interpolation_duration: 1}