# This file was generated by Animated Java via MC-Build. It is not recommended to edit this file directly.
$data merge entity $(bone_head) {transformation: [-0.9971f,0f,0.0761f,-0.0311f,0f,1f,0f,-0.3437f,-0.0761f,0f,-0.9971f,-0.0279f,0f,0f,0f,1f],start_interpolation: 0,interpolation_duration: 1}
$data merge entity $(bone_right_arm) {transformation: [-0.9943f,-0.0034f,-0.1067f,-0.3729f,0f,0.9995f,-0.0316f,-0.3437f,0.1067f,-0.0315f,-0.9938f,0.0088f,0f,0f,0f,1f],start_interpolation: 0,interpolation_duration: 1}
$data merge entity $(bone_left_arm) {transformation: [-0.9943f,0.0022f,-0.1067f,0.3729f,0f,0.9998f,0.0205f,-0.3437f,0.1067f,0.0204f,-0.9941f,-0.0713f,0f,0f,0f,1f],start_interpolation: 0,interpolation_duration: 1}
$data merge entity $(bone_torso) {transformation: [-0.9943f,0f,-0.1067f,0f,0f,1f,0f,-1.0937f,0.1067f,0f,-0.9943f,-0.0312f,0f,0f,0f,1f],start_interpolation: 0,interpolation_duration: 1}
$data merge entity $(bone_right_leg) {transformation: [-1f,0f,0f,-0.125f,0f,0.9887f,-0.15f,-1.0625f,0f,-0.15f,-0.9887f,0.0153f,0f,0f,0f,1f],start_interpolation: 0,interpolation_duration: 1}
$data merge entity $(bone_left_leg) {transformation: [-1f,0f,0f,0.125f,0f,0.9853f,0.1711f,-1.0625f,0f,0.1711f,-0.9853f,-0.0466f,0f,0f,0f,1f],start_interpolation: 0,interpolation_duration: 1}