# This file was generated by Animated Java via MC-Build. It is not recommended to edit this file directly.
$data merge entity $(bone_head) {transformation: [-0.9967f,0f,0.0809f,-0.0309f,0f,1f,0f,-0.3437f,-0.0809f,0f,-0.9967f,-0.0264f,0f,0f,0f,1f],start_interpolation: 0,interpolation_duration: 1}
$data merge entity $(bone_right_arm) {transformation: [-0.9879f,-0.0087f,-0.1549f,-0.3705f,0f,0.9984f,-0.056f,-0.3437f,0.1551f,-0.0554f,-0.9863f,0.0269f,0f,0f,0f,1f],start_interpolation: 0,interpolation_duration: 1}
$data merge entity $(bone_left_arm) {transformation: [-0.9879f,0.0077f,-0.155f,0.3705f,0f,0.9988f,0.0498f,-0.3437f,0.1551f,0.0492f,-0.9867f,-0.0894f,0f,0f,0f,1f],start_interpolation: 0,interpolation_duration: 1}
$data merge entity $(bone_torso) {transformation: [-0.9879f,0f,-0.1551f,0f,0f,1f,0f,-1.0937f,0.1551f,0f,-0.9879f,-0.0312f,0f,0f,0f,1f],start_interpolation: 0,interpolation_duration: 1}
$data merge entity $(bone_right_leg) {transformation: [-1f,0f,0f,-0.125f,0f,0.9802f,-0.1981f,-1.0625f,0f,-0.1981f,-0.9802f,0.0223f,0f,0f,0f,1f],start_interpolation: 0,interpolation_duration: 1}
$data merge entity $(bone_left_leg) {transformation: [-1f,0f,0f,0.125f,0f,0.9735f,0.2285f,-1.0625f,0f,0.2285f,-0.9735f,-0.0536f,0f,0f,0f,1f],start_interpolation: 0,interpolation_duration: 1}