# This file was generated by Animated Java via MC-Build. It is not recommended to edit this file directly.
$data merge entity $(bone_right_leg_hazmat) {transformation: [-1f,0f,0f,-0.4063f,0f,0f,-1f,0.1562f,0f,-1f,0f,0.6563f,0f,0f,0f,1f],start_interpolation: 0,interpolation_duration: 1}
$data merge entity $(bone_left_leg_hazmat) {transformation: [-0.3007f,-0.9537f,0f,0.3437f,0f,0f,-1f,0.1562f,0.9537f,-0.3007f,0f,0.5f,0f,0f,0f,1f],start_interpolation: 0,interpolation_duration: 1}
$data merge entity $(bone_right_arm_hazmat) {transformation: [-0.9659f,0.2588f,0f,-0.7812f,0f,0f,-1f,0.1562f,-0.2588f,-0.9659f,0f,0.25f,0f,0f,0f,1f],start_interpolation: 0,interpolation_duration: 1}
$data merge entity $(bone_left_arm_hazmat) {transformation: [-0.9239f,-0.3827f,0f,0.875f,0f,0f,-1f,0.1563f,0.3827f,-0.9239f,0f,-0.5625f,0f,0f,0f,1f],start_interpolation: 0,interpolation_duration: 1}
$data merge entity $(bone_helmet) {transformation: [-0.766f,0.0224f,0.6424f,-1.0625f,0f,0.9994f,-0.0349f,0.5313f,-0.6428f,-0.0267f,-0.7656f,-0.6875f,0f,0f,0f,1f],start_interpolation: 0,interpolation_duration: 1}
$data merge entity $(bone_upper) {transformation: [-1f,0f,0f,0.0312f,0f,0f,-1f,0.1562f,0f,-1f,0f,0.125f,0f,0f,0f,1f],start_interpolation: 0,interpolation_duration: 1}
data modify entity @s data merge value {"cameras":{},"locators":{"camera":{"posx":9.020562075079397e-17,"posy":0.45625000000000004,"posz":-0.8125,"roty":0,"rotx":-90}}}