# This file was generated by Animated Java via MC-Build. It is not recommended to edit this file directly.
$data merge entity $(bone_right_leg_hazmat) {transformation: [-0.9914f,-0.1305f,0f,0.2483f,0f,0f,-1f,0.1875f,0.1305f,-0.9914f,0f,0.3459f,0f,0f,0f,1f],start_interpolation: 0,interpolation_duration: 1}
$data merge entity $(bone_left_leg_hazmat) {transformation: [-0.866f,-0.5f,0f,0.5714f,0f,0f,-1f,0.1875f,0.5f,-0.866f,0f,0.2283f,0f,0f,0f,1f],start_interpolation: 0,interpolation_duration: 1}
$data merge entity $(bone_right_arm_hazmat) {transformation: [-0.999f,-0.0436f,0f,-0.163f,0f,0f,-1f,0.1875f,0.0436f,-0.999f,0f,-0.2361f,0f,0f,0f,1f],start_interpolation: 0,interpolation_duration: 1}
$data merge entity $(bone_left_arm_hazmat) {transformation: [-0.8192f,-0.5736f,0f,0.5711f,0f,0f,-1f,0.1875f,0.5736f,-0.8192f,0f,-0.5033f,0f,0f,0f,1f],start_interpolation: 0,interpolation_duration: 1}
$data merge entity $(bone_helmet) {transformation: [-0.883f,-0.342f,-0.3214f,0.0184f,0.342f,0f,-0.9397f,0.1875f,0.3214f,-0.9397f,0.117f,-0.8342f,0f,0f,0f,1f],start_interpolation: 0,interpolation_duration: 1}
$data merge entity $(bone_upper) {transformation: [-0.9397f,-0.342f,0f,0.4539f,0f,0f,-1f,0.1875f,0.342f,-0.9397f,0f,0.271f,0f,0f,0f,1f],start_interpolation: 0,interpolation_duration: 1}
data modify entity @s data merge value {"cameras":{},"locators":{"camera":{"posx":0.10387956976902332,"posy":0.48749999999999993,"posz":-0.5992350257175498,"roty":340,"rotx":-89.99999914622636}}}