# This file was generated by Animated Java via MC-Build. It is not recommended to edit this file directly.
$data merge entity $(bone_right_leg_hazmat) {transformation: [-0.9397f,0.2311f,0.2522f,-0.2187f,-0.2082f,0.1985f,-0.9577f,0.1645f,-0.2713f,-0.9525f,-0.1384f,-0.1f,0f,0f,0f,1f],start_interpolation: 0,interpolation_duration: 1}
$data merge entity $(bone_left_leg_hazmat) {transformation: [-0.9659f,-0.1576f,-0.2053f,0.125f,0.1576f,0.2714f,-0.9495f,0.1264f,0.2053f,-0.9495f,-0.2374f,-0.1496f,0f,0f,0f,1f],start_interpolation: 0,interpolation_duration: 1}
$data merge entity $(bone_right_arm_hazmat) {transformation: [-0.8434f,0f,0.5373f,-0.4062f,-0.1391f,0.9659f,-0.2183f,0.6763f,-0.519f,-0.2588f,-0.8147f,-0.4763f,0f,0f,0f,1f],start_interpolation: 0,interpolation_duration: 1}
$data merge entity $(bone_left_arm_hazmat) {transformation: [-0.9063f,0f,-0.4226f,0.375f,0.1094f,0.9659f,-0.2346f,0.6763f,0.4082f,-0.2588f,-0.8754f,-0.4763f,0f,0f,0f,1f],start_interpolation: 0,interpolation_duration: 1}
$data merge entity $(bone_helmet) {transformation: [-0.7657f,0.6432f,0.0005f,0.3378f,0.561f,0.6676f,0.4895f,1.0694f,0.3145f,0.3751f,-0.872f,-0.2554f,0f,0f,0f,1f],start_interpolation: 0,interpolation_duration: 1}
$data merge entity $(bone_upper) {transformation: [-1f,0f,0f,0f,0f,0.9659f,-0.2588f,0.0123f,0f,-0.2588f,-0.9659f,-0.2983f,0f,0f,0f,1f],start_interpolation: 0,interpolation_duration: 1}
data modify entity @s data merge value {"cameras":{},"locators":{"camera":{"posx":0.15681750234027686,"posy":0.7347802525396486,"posz":-0.09933326585669416,"roty":0.03086460933658941,"rotx":29.308398887334594}}}