# This file was generated by Animated Java via MC-Build. It is not recommended to edit this file directly.
$data merge entity $(bone_tube) {transformation: [-0.0368f,-0.079f,-0.9962f,-0.0027f,0.4984f,0.8626f,-0.0868f,-0.9185f,0.8662f,-0.4997f,0.0076f,0.8062f,0f,0f,0f,1f],start_interpolation: 0,interpolation_duration: 1}
$data merge entity $(bone_fire_extinguisher) {transformation: [-0.0368f,-0.079f,-0.9962f,-0.0027f,0.4984f,0.8626f,-0.0868f,-0.9185f,0.8662f,-0.4997f,0.0076f,0.8062f,0f,0f,0f,1f],start_interpolation: 0,interpolation_duration: 1}
$data merge entity $(bone_right_arm) {transformation: [-0.0872f,0f,-0.9962f,-0.0218f,0.9924f,-0.0872f,-0.0868f,-0.7831f,-0.0868f,-0.9962f,0.0076f,-0.1467f,0f,0f,0f,1f],start_interpolation: 0,interpolation_duration: 1}
$data merge entity $(bone_left_arm) {transformation: [-0.0858f,0.0151f,-0.9962f,0.0218f,0.9622f,-0.2582f,-0.0868f,-1.263f,-0.2585f,-0.966f,0.0076f,0.0835f,0f,0f,0f,1f],start_interpolation: 0,interpolation_duration: 1}
execute on vehicle unless entity @s[tag=aj.transforms_only] at @s run function animated_java:hands_weapons_fireextinguisher/animations/equip/zzz/frames/0_root_commands