# This file was generated by Animated Java via MC-Build. It is not recommended to edit this file directly.
$data merge entity $(bone_tube) {transformation: [-0.038f,-0.0813f,-0.996f,-0.0028f,0.4982f,0.8624f,-0.0894f,-0.8406f,0.8662f,-0.4996f,0.0078f,0.8062f,0f,0f,0f,1f],start_interpolation: 0,interpolation_duration: 1}
$data merge entity $(bone_fire_extinguisher) {transformation: [-0.038f,-0.0813f,-0.996f,-0.0028f,0.4982f,0.8624f,-0.0894f,-0.8406f,0.8662f,-0.4996f,0.0078f,0.8062f,0f,0f,0f,1f],start_interpolation: 0,interpolation_duration: 1}
$data merge entity $(bone_right_arm) {transformation: [-0.0898f,0f,-0.996f,-0.0224f,0.9922f,-0.087f,-0.0894f,-0.7051f,-0.0867f,-0.9962f,0.0078f,-0.1467f,0f,0f,0f,1f],start_interpolation: 0,interpolation_duration: 1}
$data merge entity $(bone_left_arm) {transformation: [-0.0884f,0.0156f,-0.996f,0.0224f,0.962f,-0.258f,-0.0894f,-1.1849f,-0.2584f,-0.966f,0.0078f,0.0835f,0f,0f,0f,1f],start_interpolation: 0,interpolation_duration: 1}