# This file was generated by Animated Java via MC-Build. It is not recommended to edit this file directly.
$data merge entity $(bone_tube) {transformation: [-0.2422f,-0.5195f,-0.8194f,-0.0179f,0.4137f,0.7086f,-0.5716f,-0.7184f,0.8776f,-0.4775f,0.0433f,0.8079f,0f,0f,0f,1f],start_interpolation: 0,interpolation_duration: 1}
$data merge entity $(bone_fire_extinguisher) {transformation: [-0.2422f,-0.5195f,-0.8194f,-0.0179f,0.4137f,0.7086f,-0.5716f,-0.7184f,0.8776f,-0.4775f,0.0433f,0.8079f,0f,0f,0f,1f],start_interpolation: 0,interpolation_duration: 1}
$data merge entity $(bone_right_arm) {transformation: [-0.5732f,0f,-0.8194f,-0.1433f,0.8171f,-0.0755f,-0.5716f,-0.6105f,-0.0618f,-0.9971f,0.0433f,-0.1405f,0f,0f,0f,1f],start_interpolation: 0,interpolation_duration: 1}
$data merge entity $(bone_left_arm) {transformation: [-0.5645f,0.0995f,-0.8194f,0.1433f,0.7915f,-0.2162f,-0.5716f,-1.0049f,-0.2341f,-0.9713f,0.0433f,0.0774f,0f,0f,0f,1f],start_interpolation: 0,interpolation_duration: 1}