# This file was generated by Animated Java via MC-Build. It is not recommended to edit this file directly.
$data merge entity $(bone_tube) {transformation: [-0.3131f,-0.6748f,-0.6684f,-0.0219f,0.3522f,0.5711f,-0.7415f,-0.7142f,0.882f,-0.4675f,0.0588f,0.8081f,0f,0f,0f,1f],start_interpolation: 0,interpolation_duration: 1}
$data merge entity $(bone_fire_extinguisher) {transformation: [-0.3131f,-0.6748f,-0.6684f,-0.0219f,0.3522f,0.5711f,-0.7415f,-0.7142f,0.882f,-0.4675f,0.0588f,0.8081f,0f,0f,0f,1f],start_interpolation: 0,interpolation_duration: 1}
$data merge entity $(bone_right_arm) {transformation: [-0.7438f,-0.0014f,-0.6684f,-0.186f,0.6664f,-0.0778f,-0.7415f,-0.6414f,-0.0509f,-0.997f,0.0588f,-0.1377f,0f,0f,0f,1f],start_interpolation: 0,interpolation_duration: 1}
$data merge entity $(bone_left_arm) {transformation: [-0.7328f,0.1277f,-0.6684f,0.1862f,0.6428f,-0.1924f,-0.7415f,-0.96f,-0.2233f,-0.973f,0.0588f,0.0747f,0f,0f,0f,1f],start_interpolation: 0,interpolation_duration: 1}