# This file was generated by Animated Java via MC-Build. It is not recommended to edit this file directly.
$data merge entity $(bone_tube) {transformation: [-0.3361f,-0.7243f,-0.602f,-0.0235f,0.326f,0.5102f,-0.7959f,-0.7085f,0.8836f,-0.4637f,0.0647f,0.808f,0f,0f,0f,1f],start_interpolation: 0,interpolation_duration: 1}
$data merge entity $(bone_fire_extinguisher) {transformation: [-0.3361f,-0.7243f,-0.602f,-0.0235f,0.326f,0.5102f,-0.7959f,-0.7085f,0.8836f,-0.4637f,0.0647f,0.808f,0f,0f,0f,1f],start_interpolation: 0,interpolation_duration: 1}
$data merge entity $(bone_right_arm) {transformation: [-0.7985f,-0.0016f,-0.602f,-0.1996f,0.6002f,-0.0799f,-0.7959f,-0.6521f,-0.0468f,-0.9968f,0.0647f,-0.1367f,0f,0f,0f,1f],start_interpolation: 0,interpolation_duration: 1}
$data merge entity $(bone_left_arm) {transformation: [-0.7866f,0.1371f,-0.602f,0.1999f,0.5772f,-0.1829f,-0.7959f,-0.9372f,-0.2192f,-0.9735f,0.0647f,0.0736f,0f,0f,0f,1f],start_interpolation: 0,interpolation_duration: 1}