# This file was generated by Animated Java via MC-Build. It is not recommended to edit this file directly.
$data merge entity $(bone_tube) {transformation: [-0.3508f,-0.7556f,-0.5532f,-0.0247f,0.307f,0.4653f,-0.8302f,-0.7033f,0.8847f,-0.4611f,0.0688f,0.808f,0f,0f,0f,1f],start_interpolation: 0,interpolation_duration: 1}
$data merge entity $(bone_fire_extinguisher) {transformation: [-0.3508f,-0.7556f,-0.5532f,-0.0247f,0.307f,0.4653f,-0.8302f,-0.7033f,0.8847f,-0.4611f,0.0688f,0.808f,0f,0f,0f,1f],start_interpolation: 0,interpolation_duration: 1}
$data merge entity $(bone_right_arm) {transformation: [-0.8331f,-0.0014f,-0.5532f,-0.2083f,0.5514f,-0.0816f,-0.8302f,-0.6592f,-0.044f,-0.9967f,0.0688f,-0.136f,0f,0f,0f,1f],start_interpolation: 0,interpolation_duration: 1}
$data merge entity $(bone_left_arm) {transformation: [-0.8207f,0.1433f,-0.5532f,0.2085f,0.5289f,-0.1761f,-0.8302f,-0.9196f,-0.2164f,-0.9739f,0.0688f,0.0729f,0f,0f,0f,1f],start_interpolation: 0,interpolation_duration: 1}