# This file was generated by Animated Java via MC-Build. It is not recommended to edit this file directly.
$data merge entity $(bone_tube) {transformation: [-0.3612f,-0.7773f,-0.5151f,-0.0257f,0.2923f,0.4302f,-0.8541f,-0.6988f,0.8855f,-0.4591f,0.0719f,0.8079f,0f,0f,0f,1f],start_interpolation: 0,interpolation_duration: 1}
$data merge entity $(bone_fire_extinguisher) {transformation: [-0.3612f,-0.7773f,-0.5151f,-0.0257f,0.2923f,0.4302f,-0.8541f,-0.6988f,0.8855f,-0.4591f,0.0719f,0.8079f,0f,0f,0f,1f],start_interpolation: 0,interpolation_duration: 1}
$data merge entity $(bone_right_arm) {transformation: [-0.8571f,-0.0012f,-0.5151f,-0.2143f,0.5134f,-0.0831f,-0.8541f,-0.6644f,-0.0418f,-0.9965f,0.0719f,-0.1355f,0f,0f,0f,1f],start_interpolation: 0,interpolation_duration: 1}
$data merge entity $(bone_left_arm) {transformation: [-0.8443f,0.1477f,-0.5151f,0.2145f,0.4912f,-0.171f,-0.8541f,-0.9055f,-0.2143f,-0.9741f,0.0719f,0.0723f,0f,0f,0f,1f],start_interpolation: 0,interpolation_duration: 1}