# This file was generated by Animated Java via MC-Build. It is not recommended to edit this file directly.
$data merge entity $(bone_tube) {transformation: [-0.3688f,-0.7929f,-0.4852f,-0.0265f,0.2808f,0.4025f,-0.8713f,-0.695f,0.8861f,-0.4575f,0.0742f,0.8079f,0f,0f,0f,1f],start_interpolation: 0,interpolation_duration: 1}
$data merge entity $(bone_fire_extinguisher) {transformation: [-0.3688f,-0.7929f,-0.4852f,-0.0265f,0.2808f,0.4025f,-0.8713f,-0.695f,0.8861f,-0.4575f,0.0742f,0.8079f,0f,0f,0f,1f],start_interpolation: 0,interpolation_duration: 1}
$data merge entity $(bone_right_arm) {transformation: [-0.8744f,-0.0009f,-0.4852f,-0.2186f,0.4835f,-0.0844f,-0.8713f,-0.6683f,-0.0402f,-0.9964f,0.0742f,-0.135f,0f,0f,0f,1f],start_interpolation: 0,interpolation_duration: 1}
$data merge entity $(bone_left_arm) {transformation: [-0.8613f,0.151f,-0.4852f,0.2188f,0.4615f,-0.1671f,-0.8713f,-0.8942f,-0.2126f,-0.9743f,0.0742f,0.0719f,0f,0f,0f,1f],start_interpolation: 0,interpolation_duration: 1}