# This file was generated by Animated Java via MC-Build. It is not recommended to edit this file directly.
$data merge entity $(bone_tube) {transformation: [-0.3743f,-0.8041f,-0.4619f,-0.0272f,0.2719f,0.381f,-0.8837f,-0.6919f,0.8865f,-0.4564f,0.076f,0.8079f,0f,0f,0f,1f],start_interpolation: 0,interpolation_duration: 1}
$data merge entity $(bone_fire_extinguisher) {transformation: [-0.3743f,-0.8041f,-0.4619f,-0.0272f,0.2719f,0.381f,-0.8837f,-0.6919f,0.8865f,-0.4564f,0.076f,0.8079f,0f,0f,0f,1f],start_interpolation: 0,interpolation_duration: 1}
$data merge entity $(bone_right_arm) {transformation: [-0.887f,-0.0006f,-0.4619f,-0.2217f,0.4602f,-0.0854f,-0.8837f,-0.6712f,-0.0389f,-0.9963f,0.076f,-0.1347f,0f,0f,0f,1f],start_interpolation: 0,interpolation_duration: 1}
$data merge entity $(bone_left_arm) {transformation: [-0.8736f,0.1534f,-0.4619f,0.2218f,0.4384f,-0.164f,-0.8837f,-0.8853f,-0.2113f,-0.9745f,0.076f,0.0715f,0f,0f,0f,1f],start_interpolation: 0,interpolation_duration: 1}