# This file was generated by Animated Java via MC-Build. It is not recommended to edit this file directly.
$data merge entity $(bone_tube) {transformation: [-0.3783f,-0.8121f,-0.4444f,-0.0277f,0.2652f,0.3648f,-0.8925f,-0.6895f,0.8869f,-0.4555f,0.0773f,0.8078f,0f,0f,0f,1f],start_interpolation: 0,interpolation_duration: 1}
$data merge entity $(bone_fire_extinguisher) {transformation: [-0.3783f,-0.8121f,-0.4444f,-0.0277f,0.2652f,0.3648f,-0.8925f,-0.6895f,0.8869f,-0.4555f,0.0773f,0.8078f,0f,0f,0f,1f],start_interpolation: 0,interpolation_duration: 1}
$data merge entity $(bone_right_arm) {transformation: [-0.8958f,-0.0003f,-0.4444f,-0.224f,0.4427f,-0.0862f,-0.8925f,-0.6734f,-0.038f,-0.9963f,0.0773f,-0.1345f,0f,0f,0f,1f],start_interpolation: 0,interpolation_duration: 1}
$data merge entity $(bone_left_arm) {transformation: [-0.8823f,0.1552f,-0.4444f,0.224f,0.4211f,-0.1617f,-0.8925f,-0.8786f,-0.2104f,-0.9745f,0.0773f,0.0713f,0f,0f,0f,1f],start_interpolation: 0,interpolation_duration: 1}