# This file was generated by Animated Java via MC-Build. It is not recommended to edit this file directly.
$data merge entity $(bone_tube) {transformation: [-0.381f,-0.8174f,-0.4322f,-0.028f,0.2606f,0.3536f,-0.8984f,-0.6877f,0.8871f,-0.4549f,0.0783f,0.8078f,0f,0f,0f,1f],start_interpolation: 0,interpolation_duration: 1}
$data merge entity $(bone_fire_extinguisher) {transformation: [-0.381f,-0.8174f,-0.4322f,-0.028f,0.2606f,0.3536f,-0.8984f,-0.6877f,0.8871f,-0.4549f,0.0783f,0.8078f,0f,0f,0f,1f],start_interpolation: 0,interpolation_duration: 1}
$data merge entity $(bone_right_arm) {transformation: [-0.9018f,-0.0002f,-0.4322f,-0.2254f,0.4306f,-0.0867f,-0.8984f,-0.6749f,-0.0373f,-0.9962f,0.0783f,-0.1343f,0f,0f,0f,1f],start_interpolation: 0,interpolation_duration: 1}
$data merge entity $(bone_left_arm) {transformation: [-0.8881f,0.1564f,-0.4322f,0.2255f,0.409f,-0.1602f,-0.8984f,-0.8739f,-0.2098f,-0.9746f,0.0783f,0.0711f,0f,0f,0f,1f],start_interpolation: 0,interpolation_duration: 1}