# This file was generated by Animated Java via MC-Build. It is not recommended to edit this file directly.
$data merge entity $(bone_tube) {transformation: [-0.3825f,-0.8204f,-0.425f,-0.0283f,0.2578f,0.3469f,-0.9018f,-0.6867f,0.8872f,-0.4545f,0.0788f,0.8078f,0f,0f,0f,1f],start_interpolation: 0,interpolation_duration: 1}
$data merge entity $(bone_fire_extinguisher) {transformation: [-0.3825f,-0.8204f,-0.425f,-0.0283f,0.2578f,0.3469f,-0.9018f,-0.6867f,0.8872f,-0.4545f,0.0788f,0.8078f,0f,0f,0f,1f],start_interpolation: 0,interpolation_duration: 1}
$data merge entity $(bone_right_arm) {transformation: [-0.9052f,0f,-0.425f,-0.2263f,0.4234f,-0.087f,-0.9018f,-0.6757f,-0.037f,-0.9962f,0.0788f,-0.1342f,0f,0f,0f,1f],start_interpolation: 0,interpolation_duration: 1}
$data merge entity $(bone_left_arm) {transformation: [-0.8914f,0.1571f,-0.425f,0.2263f,0.4018f,-0.1592f,-0.9018f,-0.8711f,-0.2094f,-0.9747f,0.0788f,0.071f,0f,0f,0f,1f],start_interpolation: 0,interpolation_duration: 1}