# This file was generated by Animated Java via MC-Build. It is not recommended to edit this file directly.
$data merge entity $(bone_tube) {transformation: [-0.0414f,-0.0884f,-0.9952f,-0.0032f,0.4976f,0.8619f,-0.0973f,-0.81f,0.8664f,-0.4993f,0.0083f,0.8063f,0f,0f,0f,1f],start_interpolation: 0,interpolation_duration: 1}
$data merge entity $(bone_fire_extinguisher) {transformation: [-0.0414f,-0.0884f,-0.9952f,-0.0032f,0.4976f,0.8619f,-0.0973f,-0.81f,0.8664f,-0.4993f,0.0083f,0.8063f,0f,0f,0f,1f],start_interpolation: 0,interpolation_duration: 1}
$data merge entity $(bone_right_arm) {transformation: [-0.0977f,0.0002f,-0.9952f,-0.0244f,0.9915f,-0.0867f,-0.0973f,-0.6744f,-0.0863f,-0.9962f,0.0083f,-0.1466f,0f,0f,0f,1f],start_interpolation: 0,interpolation_duration: 1}
$data merge entity $(bone_left_arm) {transformation: [-0.0962f,0.0171f,-0.9952f,0.0244f,0.9613f,-0.2576f,-0.0973f,-1.1539f,-0.258f,-0.9661f,0.0083f,0.0834f,0f,0f,0f,1f],start_interpolation: 0,interpolation_duration: 1}