# This file was generated by Animated Java via MC-Build. It is not recommended to edit this file directly.
$data merge entity $(bone_tube) {transformation: [-0.383f,-0.8214f,-0.4226f,-0.0283f,0.2569f,0.3447f,-0.9029f,-0.6864f,0.8873f,-0.4544f,0.079f,0.8078f,0f,0f,0f,1f],start_interpolation: 0,interpolation_duration: 1}
$data merge entity $(bone_fire_extinguisher) {transformation: [-0.383f,-0.8214f,-0.4226f,-0.0283f,0.2569f,0.3447f,-0.9029f,-0.6864f,0.8873f,-0.4544f,0.079f,0.8078f,0f,0f,0f,1f],start_interpolation: 0,interpolation_duration: 1}
$data merge entity $(bone_right_arm) {transformation: [-0.9063f,0f,-0.4226f,-0.2266f,0.421f,-0.0872f,-0.9029f,-0.676f,-0.0368f,-0.9962f,0.079f,-0.1342f,0f,0f,0f,1f],start_interpolation: 0,interpolation_duration: 1}
$data merge entity $(bone_left_arm) {transformation: [-0.8925f,0.1574f,-0.4226f,0.2266f,0.3995f,-0.1589f,-0.9029f,-0.8702f,-0.2093f,-0.9747f,0.079f,0.071f,0f,0f,0f,1f],start_interpolation: 0,interpolation_duration: 1}