# This file was generated by Animated Java via MC-Build. It is not recommended to edit this file directly.
$data merge entity $(bone_tube) {transformation: [-0.0473f,-0.1005f,-0.9938f,-0.0038f,0.4965f,0.8609f,-0.1107f,-0.7878f,0.8667f,-0.4987f,0.0092f,0.8063f,0f,0f,0f,1f],start_interpolation: 0,interpolation_duration: 1}
$data merge entity $(bone_fire_extinguisher) {transformation: [-0.0473f,-0.1005f,-0.9938f,-0.0038f,0.4965f,0.8609f,-0.1107f,-0.7878f,0.8667f,-0.4987f,0.0092f,0.8063f,0f,0f,0f,1f],start_interpolation: 0,interpolation_duration: 1}
$data merge entity $(bone_right_arm) {transformation: [-0.1111f,0.0003f,-0.9938f,-0.0278f,0.9901f,-0.0862f,-0.1107f,-0.652f,-0.0857f,-0.9963f,0.0092f,-0.1464f,0f,0f,0f,1f],start_interpolation: 0,interpolation_duration: 1}
$data merge entity $(bone_left_arm) {transformation: [-0.1094f,0.0196f,-0.9938f,0.0277f,0.9601f,-0.2568f,-0.1107f,-1.1309f,-0.2574f,-0.9663f,0.0092f,0.0832f,0f,0f,0f,1f],start_interpolation: 0,interpolation_duration: 1}