# This file was generated by Animated Java via MC-Build. It is not recommended to edit this file directly.
$data merge entity $(bone_tube) {transformation: [-0.0557f,-0.118f,-0.9914f,-0.0046f,0.4949f,0.8592f,-0.1301f,-0.7703f,0.8672f,-0.4979f,0.0106f,0.8064f,0f,0f,0f,1f],start_interpolation: 0,interpolation_duration: 1}
$data merge entity $(bone_fire_extinguisher) {transformation: [-0.0557f,-0.118f,-0.9914f,-0.0046f,0.4949f,0.8592f,-0.1301f,-0.7703f,0.8672f,-0.4979f,0.0106f,0.8064f,0f,0f,0f,1f],start_interpolation: 0,interpolation_duration: 1}
$data merge entity $(bone_right_arm) {transformation: [-0.1305f,0.0006f,-0.9914f,-0.0326f,0.9878f,-0.0854f,-0.1301f,-0.6343f,-0.0847f,-0.9963f,0.0106f,-0.1462f,0f,0f,0f,1f],start_interpolation: 0,interpolation_duration: 1}
$data merge entity $(bone_left_arm) {transformation: [-0.1284f,0.0232f,-0.9914f,0.0325f,0.958f,-0.2556f,-0.1301f,-1.1122f,-0.2565f,-0.9665f,0.0106f,0.083f,0f,0f,0f,1f],start_interpolation: 0,interpolation_duration: 1}