# This file was generated by Animated Java via MC-Build. It is not recommended to edit this file directly.
$data merge entity $(bone_tube) {transformation: [-0.067f,-0.1416f,-0.9877f,-0.0057f,0.4924f,0.8563f,-0.1561f,-0.756f,0.8678f,-0.4968f,0.0124f,0.8065f,0f,0f,0f,1f],start_interpolation: 0,interpolation_duration: 1}
$data merge entity $(bone_fire_extinguisher) {transformation: [-0.067f,-0.1416f,-0.9877f,-0.0057f,0.4924f,0.8563f,-0.1561f,-0.756f,0.8678f,-0.4968f,0.0124f,0.8065f,0f,0f,0f,1f],start_interpolation: 0,interpolation_duration: 1}
$data merge entity $(bone_right_arm) {transformation: [-0.1566f,0.0009f,-0.9877f,-0.0392f,0.9841f,-0.0844f,-0.1561f,-0.6199f,-0.0835f,-0.9964f,0.0124f,-0.1459f,0f,0f,0f,1f],start_interpolation: 0,interpolation_duration: 1}
$data merge entity $(bone_left_arm) {transformation: [-0.1541f,0.028f,-0.9877f,0.039f,0.9545f,-0.254f,-0.1561f,-1.0961f,-0.2552f,-0.9668f,0.0124f,0.0827f,0f,0f,0f,1f],start_interpolation: 0,interpolation_duration: 1}