# This file was generated by Animated Java via MC-Build. It is not recommended to edit this file directly.
$data merge entity $(bone_tube) {transformation: [-0.0816f,-0.1723f,-0.9817f,-0.007f,0.4888f,0.8515f,-0.19f,-0.7442f,0.8686f,-0.4953f,0.0147f,0.8067f,0f,0f,0f,1f],start_interpolation: 0,interpolation_duration: 1}
$data merge entity $(bone_fire_extinguisher) {transformation: [-0.0816f,-0.1723f,-0.9817f,-0.007f,0.4888f,0.8515f,-0.19f,-0.7442f,0.8686f,-0.4953f,0.0147f,0.8067f,0f,0f,0f,1f],start_interpolation: 0,interpolation_duration: 1}
$data merge entity $(bone_right_arm) {transformation: [-0.1906f,0.0011f,-0.9817f,-0.0477f,0.9783f,-0.0831f,-0.19f,-0.6082f,-0.0818f,-0.9965f,0.0147f,-0.1455f,0f,0f,0f,1f],start_interpolation: 0,interpolation_duration: 1}
$data merge entity $(bone_left_arm) {transformation: [-0.1875f,0.0342f,-0.9817f,0.0474f,0.949f,-0.2517f,-0.19f,-1.0817f,-0.2536f,-0.9672f,0.0147f,0.0823f,0f,0f,0f,1f],start_interpolation: 0,interpolation_duration: 1}