# This file was generated by Animated Java via MC-Build. It is not recommended to edit this file directly.
$data merge entity $(bone_tube) {transformation: [-0.1004f,-0.2119f,-0.9721f,-0.0086f,0.4834f,0.8436f,-0.2338f,-0.7345f,0.8696f,-0.4934f,0.0178f,0.8069f,0f,0f,0f,1f],start_interpolation: 0,interpolation_duration: 1}
$data merge entity $(bone_fire_extinguisher) {transformation: [-0.1004f,-0.2119f,-0.9721f,-0.0086f,0.4834f,0.8436f,-0.2338f,-0.7345f,0.8696f,-0.4934f,0.0178f,0.8069f,0f,0f,0f,1f],start_interpolation: 0,interpolation_duration: 1}
$data merge entity $(bone_right_arm) {transformation: [-0.2345f,0.0014f,-0.9721f,-0.0586f,0.9689f,-0.0816f,-0.2338f,-0.5991f,-0.0797f,-0.9967f,0.0178f,-0.1449f,0f,0f,0f,1f],start_interpolation: 0,interpolation_duration: 1}
$data merge entity $(bone_left_arm) {transformation: [-0.2307f,0.0421f,-0.9721f,0.0584f,0.94f,-0.2486f,-0.2338f,-1.0682f,-0.2515f,-0.9677f,0.0178f,0.0818f,0f,0f,0f,1f],start_interpolation: 0,interpolation_duration: 1}