# This file was generated by Animated Java via MC-Build. It is not recommended to edit this file directly.
$data merge entity $(bone_tube) {transformation: [-0.1248f,-0.264f,-0.9564f,-0.0106f,0.4753f,0.8302f,-0.2912f,-0.7266f,0.8709f,-0.4909f,0.0219f,0.8071f,0f,0f,0f,1f],start_interpolation: 0,interpolation_duration: 1}
$data merge entity $(bone_fire_extinguisher) {transformation: [-0.1248f,-0.264f,-0.9564f,-0.0106f,0.4753f,0.8302f,-0.2912f,-0.7266f,0.8709f,-0.4909f,0.0219f,0.8071f,0f,0f,0f,1f],start_interpolation: 0,interpolation_duration: 1}
$data merge entity $(bone_right_arm) {transformation: [-0.292f,0.0015f,-0.9564f,-0.073f,0.9533f,-0.0799f,-0.2912f,-0.5929f,-0.0768f,-0.9968f,0.0219f,-0.1442f,0f,0f,0f,1f],start_interpolation: 0,interpolation_duration: 1}
$data merge entity $(bone_left_arm) {transformation: [-0.2873f,0.0522f,-0.9564f,0.0727f,0.925f,-0.2442f,-0.2912f,-1.0546f,-0.2488f,-0.9683f,0.0219f,0.0811f,0f,0f,0f,1f],start_interpolation: 0,interpolation_duration: 1}