# This file was generated by Animated Java via MC-Build. It is not recommended to edit this file directly.
$data merge entity $(bone_tube) {transformation: [-0.1589f,-0.3374f,-0.9278f,-0.013f,0.4615f,0.8054f,-0.3719f,-0.7206f,0.8728f,-0.4873f,0.0277f,0.8074f,0f,0f,0f,1f],start_interpolation: 0,interpolation_duration: 1}
$data merge entity $(bone_fire_extinguisher) {transformation: [-0.1589f,-0.3374f,-0.9278f,-0.013f,0.4615f,0.8054f,-0.3719f,-0.7206f,0.8728f,-0.4873f,0.0277f,0.8074f,0f,0f,0f,1f],start_interpolation: 0,interpolation_duration: 1}
$data merge entity $(bone_right_arm) {transformation: [-0.373f,0.0014f,-0.9278f,-0.0932f,0.925f,-0.0778f,-0.3719f,-0.5912f,-0.0727f,-0.997f,0.0277f,-0.1432f,0f,0f,0f,1f],start_interpolation: 0,interpolation_duration: 1}
$data merge entity $(bone_left_arm) {transformation: [-0.3671f,0.0662f,-0.9278f,0.093f,0.8974f,-0.2373f,-0.3719f,-1.0391f,-0.2448f,-0.9692f,0.0277f,0.0801f,0f,0f,0f,1f],start_interpolation: 0,interpolation_duration: 1}