# This file was generated by Animated Java via MC-Build. It is not recommended to edit this file directly.
$data merge entity $(bone_head) {transformation: [-1f,0f,0f,-0.0312f,0f,0.9991f,0.0424f,-0.3388f,0f,0.0424f,-0.9991f,0.0005f,0f,0f,0f,1f],start_interpolation: 0,interpolation_duration: 1}
$data merge entity $(bone_right_arm) {transformation: [-0.9991f,0.0429f,0.0001f,-0.375f,0.0429f,0.9991f,0f,-0.3388f,-0.0001f,0f,-1f,0.0005f,0f,0f,0f,1f],start_interpolation: 0,interpolation_duration: 1}
$data merge entity $(bone_left_arm) {transformation: [-0.9991f,-0.0419f,-0.0001f,0.375f,-0.0419f,0.9991f,0f,-0.3388f,0.0001f,0f,-1f,0.0005f,0f,0f,0f,1f],start_interpolation: 0,interpolation_duration: 1}
$data merge entity $(bone_torso) {transformation: [-1f,0f,0f,0f,0f,0.9991f,0.0424f,-1.0881f,0f,0.0424f,-0.9991f,-0.0312f,0f,0f,0f,1f],start_interpolation: 0,interpolation_duration: 1}