# This file was generated by Animated Java via MC-Build. It is not recommended to edit this file directly.
$data merge entity $(bone_head) {transformation: [-1f,0f,0f,-0.0312f,0f,0.9992f,0.0391f,-0.3393f,0f,0.0391f,-0.9992f,-0.0019f,0f,0f,0f,1f],start_interpolation: 0,interpolation_duration: 1}
$data merge entity $(bone_right_arm) {transformation: [-0.9992f,0.0409f,0.0002f,-0.375f,0.0409f,0.9992f,0f,-0.3393f,-0.0002f,0f,-1f,-0.0019f,0f,0f,0f,1f],start_interpolation: 0,interpolation_duration: 1}
$data merge entity $(bone_left_arm) {transformation: [-0.9993f,-0.0373f,-0.0002f,0.375f,-0.0373f,0.9993f,0f,-0.3393f,0.0002f,0f,-1f,-0.0019f,0f,0f,0f,1f],start_interpolation: 0,interpolation_duration: 1}
$data merge entity $(bone_torso) {transformation: [-1f,0f,0f,0f,0f,0.9992f,0.0391f,-1.0888f,0f,0.0391f,-0.9992f,-0.0312f,0f,0f,0f,1f],start_interpolation: 0,interpolation_duration: 1}