# This file was generated by Animated Java via MC-Build. It is not recommended to edit this file directly.
$data merge entity $(bone_head) {transformation: [-1f,0f,0f,-0.0312f,0f,0.999f,0.0436f,-0.3382f,0f,0.0436f,-0.999f,0.0015f,0f,0f,0f,1f],start_interpolation: 0,interpolation_duration: 1}
$data merge entity $(bone_right_arm) {transformation: [-0.999f,0.0436f,0f,-0.375f,0.0436f,0.999f,0f,-0.3382f,0f,0f,-1f,0.0015f,0f,0f,0f,1f],start_interpolation: 0,interpolation_duration: 1}
$data merge entity $(bone_left_arm) {transformation: [-0.999f,-0.0436f,0f,0.375f,-0.0436f,0.999f,0f,-0.3382f,0f,0f,-1f,0.0015f,0f,0f,0f,1f],start_interpolation: 0,interpolation_duration: 1}
$data merge entity $(bone_torso) {transformation: [-1f,0f,0f,0f,0f,0.999f,0.0436f,-1.0875f,0f,0.0436f,-0.999f,-0.0312f,0f,0f,0f,1f],start_interpolation: 0,interpolation_duration: 1}