# This file was generated by Animated Java via MC-Build. It is not recommended to edit this file directly.
$data merge entity $(bone_head) {transformation: [-0.9997f,-0.0157f,-0.0164f,0f,-0.0225f,0.575f,0.8178f,-0.8635f,-0.0034f,0.818f,-0.5752f,0.219f,0f,0f,0f,1f],start_interpolation: 0,interpolation_duration: 1}
$data merge entity $(bone_knife) {transformation: [-0.9848f,-0.0522f,0.1656f,-0.4955f,0.0151f,0.9243f,0.3814f,-1.9933f,-0.173f,0.3781f,-0.9094f,-0.3108f,0f,0f,0f,1f],start_interpolation: 0,interpolation_duration: 1}
$data merge entity $(bone_right_arm) {transformation: [-0.9848f,-0.0522f,0.1656f,-0.3693f,0.0151f,0.9243f,0.3814f,-0.8578f,-0.173f,0.3781f,-0.9094f,0.1541f,0f,0f,0f,1f],start_interpolation: 0,interpolation_duration: 1}
$data merge entity $(bone_left_arm) {transformation: [-0.9848f,-0.0449f,0.1677f,0.3693f,0.0151f,0.94f,0.3407f,-0.8692f,-0.173f,0.3381f,-0.9251f,0.2838f,0f,0f,0f,1f],start_interpolation: 0,interpolation_duration: 1}
$data merge entity $(bone_torso) {transformation: [-0.9848f,0f,0.1736f,0f,0.0151f,0.9962f,0.0858f,-1.9375f,-0.173f,0.0872f,-0.9811f,0.125f,0f,0f,0f,1f],start_interpolation: 0,interpolation_duration: 1}
$data merge entity $(bone_right_leg) {transformation: [-1f,0f,0f,-0.2344f,0f,0.9239f,0.3827f,-1.9531f,0f,0.3827f,-0.9239f,0.0937f,0f,0f,0f,1f],start_interpolation: 0,interpolation_duration: 1}
$data merge entity $(bone_left_leg) {transformation: [-1f,0f,0f,0.2344f,0f,0.9763f,-0.2164f,-2.0312f,0f,-0.2164f,-0.9763f,0.125f,0f,0f,0f,1f],start_interpolation: 0,interpolation_duration: 1}
$data merge entity $(bone_right_leg_hazmat) {transformation: [-0.999f,0.0436f,0f,-0.2188f,0.0436f,0.999f,0f,-2.3125f,0f,0f,-1f,1.0625f,0f,0f,0f,1f],start_interpolation: 0,interpolation_duration: 1}
$data merge entity $(bone_left_leg_hazmat) {transformation: [-0.999f,-0.0436f,0f,0.125f,-0.0436f,0.999f,0f,-2.3125f,0f,0f,-1f,1.0625f,0f,0f,0f,1f],start_interpolation: 0,interpolation_duration: 1}
$data merge entity $(bone_right_arm_hazmat) {transformation: [-0.9848f,0.1736f,0f,-0.4063f,0.1736f,0.9848f,0f,-1.625f,0f,0f,-1f,1.0625f,0f,0f,0f,1f],start_interpolation: 0,interpolation_duration: 1}
$data merge entity $(bone_left_arm_hazmat) {transformation: [-0.9848f,-0.1736f,0f,0.375f,-0.1736f,0.9848f,0f,-1.625f,0f,0f,-1f,1.0625f,0f,0f,0f,1f],start_interpolation: 0,interpolation_duration: 1}
$data merge entity $(bone_helmet) {transformation: [-1f,0f,0f,-0.0313f,0f,0.8434f,0.5373f,-1.6562f,0f,0.5373f,-0.8434f,1.0625f,0f,0f,0f,1f],start_interpolation: 0,interpolation_duration: 1}
$data merge entity $(bone_upper) {transformation: [-1f,0f,0f,0f,0f,1f,0f,-2.3125f,0f,0f,-1f,1.0625f,0f,0f,0f,1f],start_interpolation: 0,interpolation_duration: 1}
data modify entity @s data merge value {"cameras":{},"locators":{"left_arm_grab":{"posx":0.639388668155443,"posy":-2.1443543658068727,"posz":-0.13690082814595322,"roty":10.277025674289916,"rotx":19.92203651980882},"camera":{"posx":-0.03125000000000017,"posy":-1.375,"posz":1.3625,"roty":0,"rotx":0}}}
execute on vehicle unless entity @s[tag=aj.transforms_only] at @s run function animated_java:the_butcher/animations/pick.up/zzz/frames/0_root_commands