# This file was generated by Animated Java via MC-Build. It is not recommended to edit this file directly.
$data merge entity $(bone_head) {transformation: [-0.9997f,-0.006f,-0.0237f,0.0018f,-0.0219f,0.6519f,0.758f,-0.8622f,0.0109f,0.7583f,-0.6518f,0.208f,0f,0f,0f,1f],start_interpolation: 0,interpolation_duration: 1}
$data merge entity $(bone_knife) {transformation: [-0.9871f,-0.0465f,0.153f,-0.5016f,0.014f,0.9281f,0.372f,-1.9971f,-0.1593f,0.3694f,-0.9155f,-0.3032f,0f,0f,0f,1f],start_interpolation: 0,interpolation_duration: 1}
$data merge entity $(bone_right_arm) {transformation: [-0.9871f,-0.0465f,0.153f,-0.3684f,0.014f,0.9281f,0.372f,-0.8569f,-0.1593f,0.3694f,-0.9155f,0.1482f,0f,0f,0f,1f],start_interpolation: 0,interpolation_duration: 1}
$data merge entity $(bone_left_arm) {transformation: [-0.9871f,-0.0053f,0.1598f,0.372f,0.014f,0.9928f,0.1191f,-0.8674f,-0.1593f,0.1198f,-0.9799f,0.2677f,0f,0f,0f,1f],start_interpolation: 0,interpolation_duration: 1}
$data merge entity $(bone_torso) {transformation: [-0.9871f,0.0017f,0.1599f,0f,0.014f,0.997f,0.0757f,-1.9371f,-0.1593f,0.077f,-0.9842f,0.125f,0f,0f,0f,1f],start_interpolation: 0,interpolation_duration: 1}
$data merge entity $(bone_right_leg) {transformation: [-1f,0f,0f,-0.2344f,0f,0.9524f,0.3049f,-1.9414f,0f,0.3049f,-0.9524f,0.0937f,0f,0f,0f,1f],start_interpolation: 0,interpolation_duration: 1}
$data merge entity $(bone_left_leg) {transformation: [-1f,0f,0f,0.2344f,0f,0.9764f,-0.2161f,-2.0312f,0f,-0.2161f,-0.9764f,0.125f,0f,0f,0f,1f],start_interpolation: 0,interpolation_duration: 1}
$data merge entity $(bone_right_leg_hazmat) {transformation: [-0.9992f,0.0404f,-0.0006f,-0.2188f,0.0404f,0.9992f,-0.0032f,-2.3125f,0.0004f,-0.0032f,-1f,1.0625f,0f,0f,0f,1f],start_interpolation: 0,interpolation_duration: 1}
$data merge entity $(bone_left_leg_hazmat) {transformation: [-0.999f,-0.0436f,-0.0009f,0.125f,-0.0436f,0.9989f,0.0196f,-2.3125f,0f,0.0196f,-0.9998f,1.0625f,0f,0f,0f,1f],start_interpolation: 0,interpolation_duration: 1}
$data merge entity $(bone_right_arm_hazmat) {transformation: [-0.989f,0.1478f,-0.0026f,-0.4063f,0.1478f,0.9889f,-0.0173f,-1.625f,0f,-0.0175f,-0.9998f,1.0625f,0f,0f,0f,1f],start_interpolation: 0,interpolation_duration: 1}
$data merge entity $(bone_left_arm_hazmat) {transformation: [-0.989f,-0.1478f,0.0026f,0.375f,-0.1478f,0.9889f,-0.0173f,-1.625f,0f,-0.0175f,-0.9998f,1.0625f,0f,0f,0f,1f],start_interpolation: 0,interpolation_duration: 1}
$data merge entity $(bone_helmet) {transformation: [-1f,0f,0f,-0.0313f,0f,0.8464f,0.5326f,-1.6562f,0f,0.5326f,-0.8464f,1.0625f,0f,0f,0f,1f],start_interpolation: 0,interpolation_duration: 1}
data modify entity @s data merge value {"cameras":{},"locators":{"left_arm_grab":{"posx":0.5889186693983373,"posy":-2.213731819668844,"posz":0.1394176288108043,"roty":9.261474112484365,"rotx":6.840904494130824}}}