# This file was generated by Animated Java via MC-Build. It is not recommended to edit this file directly.
$data merge entity $(bone_head) {transformation: [-0.9848f,0.1378f,-0.1057f,0f,0f,0.6088f,0.7934f,-0.8686f,0.1736f,0.7813f,-0.5995f,-0.0157f,0f,0f,0f,1f],start_interpolation: 0,interpolation_duration: 1}
$data merge entity $(bone_knife) {transformation: [-0.9311f,-0.2439f,-0.2712f,-0.2438f,-0.0842f,0.8671f,-0.4909f,-1.9259f,0.3549f,-0.4342f,-0.8279f,0.6059f,0f,0f,0f,1f],start_interpolation: 0,interpolation_duration: 1}
$data merge entity $(bone_right_arm) {transformation: [-0.9311f,-0.2439f,-0.2712f,-0.375f,-0.0842f,0.8671f,-0.4909f,-0.8686f,0.3549f,-0.4342f,-0.8279f,-0.0157f,0f,0f,0f,1f],start_interpolation: 0,interpolation_duration: 1}
$data merge entity $(bone_left_arm) {transformation: [-1f,0f,0f,0.375f,0f,0.7071f,-0.7071f,-0.8686f,0f,-0.7071f,-0.7071f,-0.0157f,0f,0f,0f,1f],start_interpolation: 0,interpolation_duration: 1}
$data merge entity $(bone_torso) {transformation: [-1f,0f,0f,0f,0f,0.9914f,-0.1305f,-1.9375f,0f,-0.1305f,-0.9914f,0.125f,0f,0f,0f,1f],start_interpolation: 0,interpolation_duration: 1}
$data merge entity $(bone_right_leg_hazmat) {transformation: [-0.9999f,0.011f,-0.0046f,-0.2188f,0.0118f,0.8493f,-0.5278f,-2.3125f,-0.0019f,-0.5278f,-0.8494f,1.0625f,0f,0f,0f,1f],start_interpolation: 0,interpolation_duration: 1}
$data merge entity $(bone_left_leg_hazmat) {transformation: [-0.999f,-0.0428f,-0.0085f,0.125f,-0.0378f,0.9461f,-0.3216f,-2.3125f,0.0218f,-0.321f,-0.9468f,1.0625f,0f,0f,0f,1f],start_interpolation: 0,interpolation_duration: 1}
$data merge entity $(bone_right_arm_hazmat) {transformation: [-0.999f,0.0435f,-0.0038f,-0.4063f,0.0395f,0.8652f,-0.4999f,-1.6894f,-0.0184f,-0.4996f,-0.8661f,0.7719f,0f,0f,0f,1f],start_interpolation: 0,interpolation_duration: 1}
$data merge entity $(bone_left_arm_hazmat) {transformation: [-0.999f,-0.0435f,0.0038f,0.375f,-0.0395f,0.8652f,-0.4999f,-1.6894f,0.0184f,-0.4996f,-0.8661f,0.7719f,0f,0f,0f,1f],start_interpolation: 0,interpolation_duration: 1}
$data merge entity $(bone_helmet) {transformation: [-1f,0f,0f,-0.0313f,0f,0.9397f,-0.342f,-1.7177f,0f,-0.342f,-0.9397f,0.7852f,0f,0f,0f,1f],start_interpolation: 0,interpolation_duration: 1}
$data merge entity $(bone_upper) {transformation: [-1f,0f,0f,0f,0f,0.9063f,-0.4226f,-2.3125f,0f,-0.4226f,-0.9063f,1.0625f,0f,0f,0f,1f],start_interpolation: 0,interpolation_duration: 1}
data modify entity @s data merge value {"cameras":{},"locators":{"left_arm_grab":{"posx":0.5874999999999999,"posy":-1.8254023721244077,"posz":0.941080312305804,"roty":0,"rotx":-45.00000000000001},"camera":{"posx":-0.03125000000000012,"posy":-1.3360509711309307,"posz":0.9381877157290892,"roty":0,"rotx":-25}}}