# This file was generated by Animated Java via MC-Build. It is not recommended to edit this file directly.
$data merge entity $(bone_head) {transformation: [-0.9897f,0.1389f,0.0332f,0.1303f,0.0986f,0.4963f,0.8625f,-1.1382f,0.1033f,0.857f,-0.5049f,0.0318f,0f,0f,0f,1f],start_interpolation: 0,interpolation_duration: 1}
$data merge entity $(bone_knife) {transformation: [-0.9863f,0.1237f,0.1089f,-0.5801f,0.1365f,0.9834f,0.1193f,-2.2699f,-0.0923f,0.1325f,-0.9869f,-0.1422f,0f,0f,0f,1f],start_interpolation: 0,interpolation_duration: 1}
$data merge entity $(bone_right_arm) {transformation: [-0.9863f,0.1237f,0.1089f,-0.2411f,0.1365f,0.9834f,0.1193f,-1.0932f,-0.0923f,0.1325f,-0.9869f,0.0057f,0f,0f,0f,1f],start_interpolation: 0,interpolation_duration: 1}
$data merge entity $(bone_left_arm) {transformation: [-0.9606f,0.2413f,0.1378f,0.338f,-0.0733f,-0.6985f,0.7118f,-2.0048f,0.268f,0.6737f,0.6887f,0.9697f,0f,0f,0f,1f],start_interpolation: 0,interpolation_duration: 1}
$data merge entity $(bone_torso) {transformation: [-0.9903f,0.1209f,0.0681f,0f,0.1199f,0.9926f,-0.0175f,-2.2083f,-0.0697f,-0.0091f,-0.9975f,0.0417f,0f,0f,0f,1f],start_interpolation: 0,interpolation_duration: 1}
$data merge entity $(bone_left_leg) {transformation: [-1f,0f,0f,0.2344f,0f,0.4746f,0.8802f,-2.5833f,0f,0.8802f,-0.4746f,0.1146f,0f,0f,0f,1f],start_interpolation: 0,interpolation_duration: 1}
$data merge entity $(bone_right_leg_hazmat) {transformation: [0.9589f,0.2398f,0.1519f,0.3351f,-0.2826f,0.8566f,0.4317f,-1.6668f,-0.0266f,-0.4569f,0.8891f,0.2964f,0f,0f,0f,1f],start_interpolation: 0,interpolation_duration: 1}
$data merge entity $(bone_left_leg_hazmat) {transformation: [0.9855f,0.1668f,-0.0297f,0.0144f,-0.1257f,0.8377f,0.5315f,-1.6767f,0.1135f,-0.52f,0.8466f,0.1729f,0f,0f,0f,1f],start_interpolation: 0,interpolation_duration: 1}
$data merge entity $(bone_right_arm_hazmat) {transformation: [-0.2551f,0.651f,0.7149f,0.6924f,0.6055f,0.684f,-0.4068f,-1.312f,-0.7538f,0.3291f,-0.5687f,-0.2206f,0f,0f,0f,1f],start_interpolation: 0,interpolation_duration: 1}
$data merge entity $(bone_left_arm_hazmat) {transformation: [0.9608f,0.2315f,0.1529f,-0.0649f,-0.0627f,0.7182f,-0.693f,-1.1683f,-0.2702f,0.6563f,0.7045f,-0.3479f,0f,0f,0f,1f],start_interpolation: 0,interpolation_duration: 1}
$data merge entity $(bone_helmet) {transformation: [0.817f,0.5308f,0.2254f,0.3213f,-0.1873f,-0.1254f,0.9743f,-1.2628f,0.5454f,-0.8382f,-0.0031f,-0.2588f,0f,0f,0f,1f],start_interpolation: 0,interpolation_duration: 1}
$data merge entity $(bone_upper) {transformation: [0.9693f,0.2438f,0.0317f,0.131f,-0.184f,0.6339f,0.7512f,-1.6731f,0.163f,-0.734f,0.6593f,0.2178f,0f,0f,0f,1f],start_interpolation: 0,interpolation_duration: 1}
data modify entity @s data merge value {"cameras":{},"locators":{"left_arm_grab":{"posx":0.21569069814493558,"posy":-1.044095137135424,"posz":0.001086861153494545,"roty":168.68698540891998,"rotx":45.38557019373774},"camera":{"posx":0.38035095502725424,"posy":-1.3098936803846106,"posz":-0.663012451762866,"roty":177.2437391008831,"rotx":48.69315847778495}}}