# This file was generated by Animated Java via MC-Build. It is not recommended to edit this file directly.
$data merge entity $(bone_head) {transformation: [-0.9917f,0.1276f,0.0173f,0.115f,0.0841f,0.5405f,0.8371f,-1.1228f,0.0975f,0.8316f,-0.5467f,0.0395f,0f,0f,0f,1f],start_interpolation: 0,interpolation_duration: 1}
$data merge entity $(bone_knife) {transformation: [-0.9876f,0.1087f,0.1132f,-0.578f,0.1225f,0.9848f,0.1234f,-2.2642f,-0.0981f,0.1358f,-0.9859f,-0.1418f,0f,0f,0f,1f],start_interpolation: 0,interpolation_duration: 1}
$data merge entity $(bone_right_arm) {transformation: [-0.9876f,0.1087f,0.1132f,-0.2568f,0.1225f,0.9848f,0.1234f,-1.0831f,-0.0981f,0.1358f,-0.9859f,0.0112f,0f,0f,0f,1f],start_interpolation: 0,interpolation_duration: 1}
$data merge entity $(bone_left_arm) {transformation: [-0.9611f,0.249f,0.1195f,0.357f,-0.0878f,-0.6858f,0.7225f,-1.9716f,0.2618f,0.6839f,0.681f,0.9485f,0f,0f,0f,1f],start_interpolation: 0,interpolation_duration: 1}
$data merge entity $(bone_torso) {transformation: [-0.9915f,0.1066f,0.0744f,0f,0.1059f,0.9943f,-0.0138f,-2.1948f,-0.0755f,-0.0058f,-0.9971f,0.0458f,0f,0f,0f,1f],start_interpolation: 0,interpolation_duration: 1}
$data merge entity $(bone_left_leg) {transformation: [-1f,0f,0f,0.2344f,0f,0.5213f,0.8534f,-2.5542f,0f,0.8534f,-0.5213f,0.1135f,0f,0f,0f,1f],start_interpolation: 0,interpolation_duration: 1}
$data merge entity $(bone_right_leg_hazmat) {transformation: [0.9589f,0.2398f,0.1519f,0.3351f,-0.2826f,0.8566f,0.4317f,-1.6301f,-0.0266f,-0.4569f,0.8891f,0.3005f,0f,0f,0f,1f],start_interpolation: 0,interpolation_duration: 1}
$data merge entity $(bone_left_leg_hazmat) {transformation: [0.9855f,0.1668f,-0.0297f,0.0144f,-0.1257f,0.8377f,0.5315f,-1.6401f,0.1135f,-0.52f,0.8466f,0.1771f,0f,0f,0f,1f],start_interpolation: 0,interpolation_duration: 1}
$data merge entity $(bone_right_arm_hazmat) {transformation: [-0.2562f,0.6551f,0.7108f,0.6918f,0.5889f,0.6889f,-0.4227f,-1.2879f,-0.7666f,0.3103f,-0.5622f,-0.2272f,0f,0f,0f,1f],start_interpolation: 0,interpolation_duration: 1}
$data merge entity $(bone_left_arm_hazmat) {transformation: [0.9593f,0.2372f,0.1534f,-0.0654f,-0.0728f,0.7323f,-0.6771f,-1.1441f,-0.2729f,0.6384f,0.7197f,-0.3545f,0f,0f,0f,1f],start_interpolation: 0,interpolation_duration: 1}
$data merge entity $(bone_helmet) {transformation: [0.8187f,0.5265f,0.2291f,0.3208f,-0.1778f,-0.147f,0.973f,-1.2382f,0.546f,-0.8374f,-0.0267f,-0.2649f,0f,0f,0f,1f],start_interpolation: 0,interpolation_duration: 1}
$data merge entity $(bone_upper) {transformation: [0.9693f,0.243f,0.0376f,0.131f,-0.184f,0.6157f,0.7662f,-1.6365f,0.163f,-0.7496f,0.6415f,0.222f,0f,0f,0f,1f],start_interpolation: 0,interpolation_duration: 1}
data modify entity @s data merge value {"cameras":{},"locators":{"left_arm_grab":{"posx":0.22431159773039375,"posy":-1.0249954612309193,"posz":-0.03255668121491884,"roty":170.04591651611645,"rotx":46.259584149764684},"camera":{"posx":0.3778188077407445,"posy":-1.294837189505713,"posz":-0.6681393713117602,"roty":176.64723980177868,"rotx":50.01212787557577}}}