# This file was generated by Animated Java via MC-Build. It is not recommended to edit this file directly.
$data merge entity $(bone_head) {transformation: [-0.9934f,0.115f,0.0026f,0.0996f,0.0696f,0.5832f,0.8094f,-1.1077f,0.0916f,0.8042f,-0.5873f,0.0472f,0f,0f,0f,1f],start_interpolation: 0,interpolation_duration: 1}
$data merge entity $(bone_knife) {transformation: [-0.9886f,0.0937f,0.1175f,-0.5758f,0.1086f,0.9858f,0.1277f,-2.2584f,-0.1038f,0.139f,-0.9848f,-0.1414f,0f,0f,0f,1f],start_interpolation: 0,interpolation_duration: 1}
$data merge entity $(bone_right_arm) {transformation: [-0.9886f,0.0937f,0.1175f,-0.2726f,0.1086f,0.9858f,0.1277f,-1.0733f,-0.1038f,0.139f,-0.9848f,0.0168f,0f,0f,0f,1f],start_interpolation: 0,interpolation_duration: 1}
$data merge entity $(bone_left_arm) {transformation: [-0.9613f,0.2562f,0.101f,0.3757f,-0.1023f,-0.6729f,0.7326f,-1.9377f,0.2557f,0.6939f,0.6731f,0.9277f,0f,0f,0f,1f],start_interpolation: 0,interpolation_duration: 1}
$data merge entity $(bone_torso) {transformation: [-0.9924f,0.0924f,0.0807f,0f,0.0919f,0.9957f,-0.01f,-2.1813f,-0.0813f,-0.0026f,-0.9967f,0.05f,0f,0f,0f,1f],start_interpolation: 0,interpolation_duration: 1}
$data merge entity $(bone_left_leg) {transformation: [-1f,0f,0f,0.2344f,0f,0.5664f,0.8241f,-2.525f,0f,0.8241f,-0.5664f,0.1125f,0f,0f,0f,1f],start_interpolation: 0,interpolation_duration: 1}
$data merge entity $(bone_right_leg_hazmat) {transformation: [0.9589f,0.2398f,0.1519f,0.3351f,-0.2826f,0.8566f,0.4317f,-1.5935f,-0.0266f,-0.4569f,0.8891f,0.3047f,0f,0f,0f,1f],start_interpolation: 0,interpolation_duration: 1}
$data merge entity $(bone_left_leg_hazmat) {transformation: [0.9855f,0.1668f,-0.0297f,0.0144f,-0.1257f,0.8377f,0.5315f,-1.6034f,0.1135f,-0.52f,0.8466f,0.1812f,0f,0f,0f,1f],start_interpolation: 0,interpolation_duration: 1}
$data merge entity $(bone_right_arm_hazmat) {transformation: [-0.2573f,0.6591f,0.7066f,0.6912f,0.5719f,0.6933f,-0.4385f,-1.2641f,-0.7789f,0.2913f,-0.5553f,-0.2334f,0f,0f,0f,1f],start_interpolation: 0,interpolation_duration: 1}
$data merge entity $(bone_left_arm_hazmat) {transformation: [0.9578f,0.2428f,0.154f,-0.0661f,-0.0829f,0.746f,-0.6608f,-1.1203f,-0.2753f,0.6201f,0.7346f,-0.3608f,0f,0f,0f,1f],start_interpolation: 0,interpolation_duration: 1}
$data merge entity $(bone_helmet) {transformation: [0.8204f,0.5222f,0.2328f,0.3201f,-0.1683f,-0.1685f,0.9712f,-1.2137f,0.5464f,-0.836f,-0.0503f,-0.2707f,0f,0f,0f,1f],start_interpolation: 0,interpolation_duration: 1}
$data merge entity $(bone_upper) {transformation: [0.9693f,0.242f,0.0434f,0.131f,-0.184f,0.5971f,0.7807f,-1.5998f,0.163f,-0.7648f,0.6234f,0.2261f,0f,0f,0f,1f],start_interpolation: 0,interpolation_duration: 1}
data modify entity @s data merge value {"cameras":{},"locators":{"left_arm_grab":{"posx":0.23335830258019627,"posy":-1.0054026374779366,"posz":-0.06566193927987796,"roty":171.46235591103326,"rotx":47.10614081329315},"camera":{"posx":0.37516198055470606,"posy":-1.2799807474359755,"posz":-0.6727507599692562,"roty":176.01710989654165,"rotx":51.32786716669393}}}