# This file was generated by Animated Java via MC-Build. It is not recommended to edit this file directly.
$data merge entity $(bone_head) {transformation: [-0.9948f,0.1013f,-0.0108f,0.0842f,0.0551f,0.6241f,0.7794f,-1.0929f,0.0857f,0.7747f,-0.6265f,0.055f,0f,0f,0f,1f],start_interpolation: 0,interpolation_duration: 1}
$data merge entity $(bone_knife) {transformation: [-0.9895f,0.0787f,0.1216f,-0.5735f,0.0947f,0.9867f,0.1322f,-2.2526f,-0.1096f,0.1423f,-0.9837f,-0.141f,0f,0f,0f,1f],start_interpolation: 0,interpolation_duration: 1}
$data merge entity $(bone_right_arm) {transformation: [-0.9895f,0.0787f,0.1216f,-0.2883f,0.0947f,0.9867f,0.1322f,-1.0637f,-0.1096f,0.1423f,-0.9837f,0.0223f,0f,0f,0f,1f],start_interpolation: 0,interpolation_duration: 1}
$data merge entity $(bone_left_arm) {transformation: [-0.9613f,0.2629f,0.0824f,0.3943f,-0.1168f,-0.6599f,0.7423f,-1.903f,0.2495f,0.7039f,0.665f,0.9073f,0f,0f,0f,1f],start_interpolation: 0,interpolation_duration: 1}
$data merge entity $(bone_torso) {transformation: [-0.9932f,0.0781f,0.0869f,0f,0.0778f,0.9969f,-0.0061f,-2.1677f,-0.0871f,0.0007f,-0.9962f,0.0542f,0f,0f,0f,1f],start_interpolation: 0,interpolation_duration: 1}
$data merge entity $(bone_left_leg) {transformation: [-1f,0f,0f,0.2344f,0f,0.6099f,0.7925f,-2.4958f,0f,0.7925f,-0.6099f,0.1115f,0f,0f,0f,1f],start_interpolation: 0,interpolation_duration: 1}
$data merge entity $(bone_right_leg_hazmat) {transformation: [0.9589f,0.2398f,0.1519f,0.3351f,-0.2826f,0.8566f,0.4317f,-1.5569f,-0.0266f,-0.4569f,0.8891f,0.3089f,0f,0f,0f,1f],start_interpolation: 0,interpolation_duration: 1}
$data merge entity $(bone_left_leg_hazmat) {transformation: [0.9855f,0.1668f,-0.0297f,0.0144f,-0.1257f,0.8377f,0.5315f,-1.5668f,0.1135f,-0.52f,0.8466f,0.1854f,0f,0f,0f,1f],start_interpolation: 0,interpolation_duration: 1}
$data merge entity $(bone_right_arm_hazmat) {transformation: [-0.2586f,0.6631f,0.7025f,0.6904f,0.5546f,0.6973f,-0.4541f,-1.2404f,-0.7909f,0.2722f,-0.5481f,-0.2394f,0f,0f,0f,1f],start_interpolation: 0,interpolation_duration: 1}
$data merge entity $(bone_left_arm_hazmat) {transformation: [0.9562f,0.2485f,0.1547f,-0.0669f,-0.0931f,0.7592f,-0.6441f,-1.0967f,-0.2775f,0.6015f,0.7491f,-0.3667f,0f,0f,0f,1f],start_interpolation: 0,interpolation_duration: 1}
$data merge entity $(bone_helmet) {transformation: [0.8222f,0.5178f,0.2363f,0.3194f,-0.1588f,-0.19f,0.9689f,-1.1895f,0.5466f,-0.8341f,-0.0739f,-0.2762f,0f,0f,0f,1f],start_interpolation: 0,interpolation_duration: 1}
$data merge entity $(bone_upper) {transformation: [0.9693f,0.2409f,0.0492f,0.131f,-0.184f,0.5782f,0.7948f,-1.5632f,0.163f,-0.7795f,0.6048f,0.2303f,0f,0f,0f,1f],start_interpolation: 0,interpolation_duration: 1}
data modify entity @s data merge value {"cameras":{},"locators":{"left_arm_grab":{"posx":0.24281160321544265,"posy":-0.9852941139109541,"posz":-0.09822072056031983,"roty":172.93734609757797,"rotx":47.92377012324364},"camera":{"posx":0.3723820035084698,"posy":-1.2653118178877603,"posz":-0.676841562543972,"roty":175.34979830620517,"rotx":52.64002601620222}}}