# This file was generated by Animated Java via MC-Build. It is not recommended to edit this file directly.
$data merge entity $(bone_head) {transformation: [-0.996f,0.0865f,-0.0228f,0.0687f,0.0405f,0.6633f,0.7473f,-1.0782f,0.0798f,0.7434f,-0.6641f,0.0627f,0f,0f,0f,1f],start_interpolation: 0,interpolation_duration: 1}
$data merge entity $(bone_knife) {transformation: [-0.99f,0.0636f,0.1256f,-0.571f,0.0808f,0.9873f,0.1368f,-2.2467f,-0.1153f,0.1456f,-0.9826f,-0.1405f,0f,0f,0f,1f],start_interpolation: 0,interpolation_duration: 1}
$data merge entity $(bone_right_arm) {transformation: [-0.99f,0.0636f,0.1256f,-0.304f,0.0808f,0.9873f,0.1368f,-1.0543f,-0.1153f,0.1456f,-0.9826f,0.0278f,0f,0f,0f,1f],start_interpolation: 0,interpolation_duration: 1}
$data merge entity $(bone_left_arm) {transformation: [-0.961f,0.2691f,0.0636f,0.4126f,-0.1314f,-0.6466f,0.7514f,-1.8676f,0.2433f,0.7137f,0.6568f,0.8873f,0f,0f,0f,1f],start_interpolation: 0,interpolation_duration: 1}
$data merge entity $(bone_torso) {transformation: [-0.9936f,0.0637f,0.093f,0f,0.0638f,0.998f,-0.0019f,-2.1542f,-0.093f,0.004f,-0.9957f,0.0583f,0f,0f,0f,1f],start_interpolation: 0,interpolation_duration: 1}
$data merge entity $(bone_left_leg) {transformation: [-1f,0f,0f,0.2344f,0f,0.6517f,0.7585f,-2.4667f,0f,0.7585f,-0.6517f,0.1104f,0f,0f,0f,1f],start_interpolation: 0,interpolation_duration: 1}
$data merge entity $(bone_right_leg_hazmat) {transformation: [0.9589f,0.2398f,0.1519f,0.3351f,-0.2826f,0.8566f,0.4317f,-1.5203f,-0.0266f,-0.4569f,0.8891f,0.313f,0f,0f,0f,1f],start_interpolation: 0,interpolation_duration: 1}
$data merge entity $(bone_left_leg_hazmat) {transformation: [0.9855f,0.1668f,-0.0297f,0.0144f,-0.1257f,0.8377f,0.5315f,-1.5302f,0.1135f,-0.52f,0.8466f,0.1896f,0f,0f,0f,1f],start_interpolation: 0,interpolation_duration: 1}
$data merge entity $(bone_right_arm_hazmat) {transformation: [-0.2599f,0.667f,0.6983f,0.6896f,0.5371f,0.7008f,-0.4695f,-1.217f,-0.8025f,0.253f,-0.5404f,-0.245f,0f,0f,0f,1f],start_interpolation: 0,interpolation_duration: 1}
$data merge entity $(bone_left_arm_hazmat) {transformation: [0.9546f,0.2541f,0.1556f,-0.0677f,-0.1033f,0.772f,-0.6271f,-1.0733f,-0.2794f,0.5826f,0.7632f,-0.3724f,0f,0f,0f,1f],start_interpolation: 0,interpolation_duration: 1}
$data merge entity $(bone_helmet) {transformation: [0.824f,0.5134f,0.2397f,0.3186f,-0.1493f,-0.2114f,0.9659f,-1.1655f,0.5465f,-0.8317f,-0.0975f,-0.2814f,0f,0f,0f,1f],start_interpolation: 0,interpolation_duration: 1}
$data merge entity $(bone_upper) {transformation: [0.9693f,0.2396f,0.055f,0.131f,-0.184f,0.559f,0.8085f,-1.5266f,0.163f,-0.7938f,0.5859f,0.2345f,0f,0f,0f,1f],start_interpolation: 0,interpolation_duration: 1}
data modify entity @s data merge value {"cameras":{},"locators":{"left_arm_grab":{"posx":0.2526514468738242,"posy":-0.9646479562124901,"posz":-0.1302249180083277,"roty":174.47172438130815,"rotx":48.71095744508625},"camera":{"posx":0.36948047756209856,"posy":-1.2508177565869059,"posz":-0.6804070236446732,"roty":174.64127166340046,"rotx":53.94820456199396}}}