# This file was generated by Animated Java via MC-Build. It is not recommended to edit this file directly.
$data merge entity $(bone_head) {transformation: [-0.9969f,0.0708f,-0.0333f,0.0531f,0.0259f,0.7005f,0.7132f,-1.0638f,0.0739f,0.7101f,-0.7002f,0.0704f,0f,0f,0f,1f],start_interpolation: 0,interpolation_duration: 1}
$data merge entity $(bone_knife) {transformation: [-0.9904f,0.0485f,0.1295f,-0.5684f,0.0668f,0.9877f,0.1415f,-2.2408f,-0.1211f,0.1488f,-0.9814f,-0.1401f,0f,0f,0f,1f],start_interpolation: 0,interpolation_duration: 1}
$data merge entity $(bone_right_arm) {transformation: [-0.9904f,0.0485f,0.1295f,-0.3196f,0.0668f,0.9877f,0.1415f,-1.0452f,-0.1211f,0.1488f,-0.9814f,0.0333f,0f,0f,0f,1f],start_interpolation: 0,interpolation_duration: 1}
$data merge entity $(bone_left_arm) {transformation: [-0.9604f,0.2749f,0.0446f,0.4307f,-0.146f,-0.6333f,0.76f,-1.8314f,0.2371f,0.7235f,0.6484f,0.8677f,0f,0f,0f,1f],start_interpolation: 0,interpolation_duration: 1}
$data merge entity $(bone_torso) {transformation: [-0.9939f,0.0492f,0.099f,0f,0.0497f,0.9988f,0.0024f,-2.1406f,-0.0988f,0.0073f,-0.9951f,0.0625f,0f,0f,0f,1f],start_interpolation: 0,interpolation_duration: 1}
$data merge entity $(bone_left_leg) {transformation: [-1f,0f,0f,0.2344f,0f,0.6915f,0.7224f,-2.4375f,0f,0.7224f,-0.6915f,0.1094f,0f,0f,0f,1f],start_interpolation: 0,interpolation_duration: 1}
$data merge entity $(bone_right_leg_hazmat) {transformation: [0.9589f,0.2398f,0.1519f,0.3351f,-0.2826f,0.8566f,0.4317f,-1.4836f,-0.0266f,-0.4569f,0.8891f,0.3172f,0f,0f,0f,1f],start_interpolation: 0,interpolation_duration: 1}
$data merge entity $(bone_left_leg_hazmat) {transformation: [0.9855f,0.1668f,-0.0297f,0.0144f,-0.1257f,0.8377f,0.5315f,-1.4936f,0.1135f,-0.52f,0.8466f,0.1937f,0f,0f,0f,1f],start_interpolation: 0,interpolation_duration: 1}
$data merge entity $(bone_right_arm_hazmat) {transformation: [-0.2615f,0.6708f,0.694f,0.6886f,0.5193f,0.7038f,-0.4847f,-1.1939f,-0.8136f,0.2337f,-0.5324f,-0.2504f,0f,0f,0f,1f],start_interpolation: 0,interpolation_duration: 1}
$data merge entity $(bone_left_arm_hazmat) {transformation: [0.9529f,0.2597f,0.1565f,-0.0687f,-0.1135f,0.7844f,-0.6098f,-1.0501f,-0.2811f,0.5633f,0.7769f,-0.3777f,0f,0f,0f,1f],start_interpolation: 0,interpolation_duration: 1}
$data merge entity $(bone_helmet) {transformation: [0.8259f,0.5088f,0.243f,0.3177f,-0.1398f,-0.2327f,0.9625f,-1.1417f,0.5463f,-0.8288f,-0.121f,-0.2863f,0f,0f,0f,1f],start_interpolation: 0,interpolation_duration: 1}
$data merge entity $(bone_upper) {transformation: [0.9693f,0.2382f,0.0607f,0.131f,-0.184f,0.5394f,0.8217f,-1.49f,0.163f,-0.8076f,0.5667f,0.2386f,0f,0f,0f,1f],start_interpolation: 0,interpolation_duration: 1}
data modify entity @s data merge value {"cameras":{},"locators":{"left_arm_grab":{"posx":0.26285695545086096,"posy":-0.943442875641535,"posz":-0.16166651234026086,"roty":176.0660789722161,"rotx":49.46615010762105},"camera":{"posx":0.3664590736744115,"posy":-1.236485818554434,"posz":-0.6834426904188537,"roty":173.88693203045904,"rotx":55.251944483416615}}}