# This file was generated by Animated Java via MC-Build. It is not recommended to edit this file directly.
$data merge entity $(bone_head) {transformation: [-0.9976f,0.0543f,-0.0424f,0.0375f,0.0113f,0.7357f,0.6772f,-1.0497f,0.068f,0.6751f,-0.7346f,0.0781f,0f,0f,0f,1f],start_interpolation: 0,interpolation_duration: 1}
$data merge entity $(bone_knife) {transformation: [-0.9905f,0.0333f,0.1333f,-0.5657f,0.0529f,0.9878f,0.1464f,-2.2348f,-0.1268f,0.152f,-0.9802f,-0.1396f,0f,0f,0f,1f],start_interpolation: 0,interpolation_duration: 1}
$data merge entity $(bone_right_arm) {transformation: [-0.9905f,0.0333f,0.1333f,-0.3352f,0.0529f,0.9878f,0.1464f,-1.0363f,-0.1268f,0.152f,-0.9802f,0.0388f,0f,0f,0f,1f],start_interpolation: 0,interpolation_duration: 1}
$data merge entity $(bone_left_arm) {transformation: [-0.9596f,0.2801f,0.0255f,0.4485f,-0.1605f,-0.6198f,0.7681f,-1.7945f,0.2309f,0.7331f,0.6398f,0.8484f,0f,0f,0f,1f],start_interpolation: 0,interpolation_duration: 1}
$data merge entity $(bone_torso) {transformation: [-0.9939f,0.0348f,0.1049f,0f,0.0357f,0.9993f,0.0069f,-2.1271f,-0.1046f,0.0106f,-0.9945f,0.0667f,0f,0f,0f,1f],start_interpolation: 0,interpolation_duration: 1}
$data merge entity $(bone_left_leg) {transformation: [-1f,0f,0f,0.2344f,0f,0.7294f,0.6841f,-2.4083f,0f,0.6841f,-0.7294f,0.1083f,0f,0f,0f,1f],start_interpolation: 0,interpolation_duration: 1}
$data merge entity $(bone_right_leg_hazmat) {transformation: [0.9589f,0.2398f,0.1519f,0.3351f,-0.2826f,0.8566f,0.4317f,-1.447f,-0.0266f,-0.4569f,0.8891f,0.3214f,0f,0f,0f,1f],start_interpolation: 0,interpolation_duration: 1}
$data merge entity $(bone_left_leg_hazmat) {transformation: [0.9855f,0.1668f,-0.0297f,0.0144f,-0.1257f,0.8377f,0.5315f,-1.4569f,0.1135f,-0.52f,0.8466f,0.1979f,0f,0f,0f,1f],start_interpolation: 0,interpolation_duration: 1}
$data merge entity $(bone_right_arm_hazmat) {transformation: [-0.2631f,0.6746f,0.6898f,0.6876f,0.5013f,0.7064f,-0.4997f,-1.1709f,-0.8243f,0.2143f,-0.524f,-0.2554f,0f,0f,0f,1f],start_interpolation: 0,interpolation_duration: 1}
$data merge entity $(bone_left_arm_hazmat) {transformation: [0.9512f,0.2652f,0.1576f,-0.0697f,-0.1238f,0.7962f,-0.5922f,-1.0271f,-0.2826f,0.5438f,0.7902f,-0.3828f,0f,0f,0f,1f],start_interpolation: 0,interpolation_duration: 1}
$data merge entity $(bone_helmet) {transformation: [0.8277f,0.5042f,0.2462f,0.3167f,-0.1304f,-0.2539f,0.9584f,-1.1181f,0.5458f,-0.8254f,-0.1444f,-0.2909f,0f,0f,0f,1f],start_interpolation: 0,interpolation_duration: 1}
$data merge entity $(bone_upper) {transformation: [0.9693f,0.2367f,0.0664f,0.131f,-0.184f,0.5196f,0.8344f,-1.4533f,0.163f,-0.821f,0.5472f,0.2428f,0f,0f,0f,1f],start_interpolation: 0,interpolation_duration: 1}
data modify entity @s data merge value {"cameras":{},"locators":{"left_arm_grab":{"posx":0.27340644432613936,"posy":-0.9216582564666962,"posz":-0.19253757435426078,"roty":177.7207022255301,"rotx":50.187765772206305},"camera":{"posx":0.36331953184069565,"posy":-1.2223031654462502,"posz":-0.6859444151170869,"roty":173.08151815287246,"rotx":56.550718133170975}}}