# This file was generated by Animated Java via MC-Build. It is not recommended to edit this file directly.
$data merge entity $(bone_head) {transformation: [-0.9981f,0.0371f,-0.0498f,0.0218f,-0.0033f,0.7688f,0.6395f,-1.0357f,0.0621f,0.6384f,-0.7672f,0.0858f,0f,0f,0f,1f],start_interpolation: 0,interpolation_duration: 1}
$data merge entity $(bone_knife) {transformation: [-0.9904f,0.0181f,0.137f,-0.5628f,0.039f,0.9877f,0.1514f,-2.2288f,-0.1326f,0.1553f,-0.9789f,-0.1391f,0f,0f,0f,1f],start_interpolation: 0,interpolation_duration: 1}
$data merge entity $(bone_right_arm) {transformation: [-0.9904f,0.0181f,0.137f,-0.3508f,0.039f,0.9877f,0.1514f,-1.0276f,-0.1326f,0.1553f,-0.9789f,0.0444f,0f,0f,0f,1f],start_interpolation: 0,interpolation_duration: 1}
$data merge entity $(bone_left_arm) {transformation: [-0.9586f,0.2848f,0.0062f,0.466f,-0.1751f,-0.6062f,0.7758f,-1.7568f,0.2247f,0.7425f,0.631f,0.8297f,0f,0f,0f,1f],start_interpolation: 0,interpolation_duration: 1}
$data merge entity $(bone_torso) {transformation: [-0.9937f,0.0202f,0.1107f,0f,0.0216f,0.9997f,0.0115f,-2.1135f,-0.1104f,0.0138f,-0.9938f,0.0708f,0f,0f,0f,1f],start_interpolation: 0,interpolation_duration: 1}
$data merge entity $(bone_left_leg) {transformation: [-1f,0f,0f,0.2344f,0f,0.7651f,0.6439f,-2.3792f,0f,0.6439f,-0.7651f,0.1073f,0f,0f,0f,1f],start_interpolation: 0,interpolation_duration: 1}
$data merge entity $(bone_right_leg_hazmat) {transformation: [0.9589f,0.2398f,0.1519f,0.3351f,-0.2826f,0.8566f,0.4317f,-1.4104f,-0.0266f,-0.4569f,0.8891f,0.3255f,0f,0f,0f,1f],start_interpolation: 0,interpolation_duration: 1}
$data merge entity $(bone_left_leg_hazmat) {transformation: [0.9855f,0.1668f,-0.0297f,0.0144f,-0.1257f,0.8377f,0.5315f,-1.4203f,0.1135f,-0.52f,0.8466f,0.2021f,0f,0f,0f,1f],start_interpolation: 0,interpolation_duration: 1}
$data merge entity $(bone_right_arm_hazmat) {transformation: [-0.2648f,0.6782f,0.6855f,0.6864f,0.483f,0.7085f,-0.5144f,-1.1481f,-0.8346f,0.1949f,-0.5152f,-0.2601f,0f,0f,0f,1f],start_interpolation: 0,interpolation_duration: 1}
$data merge entity $(bone_left_arm_hazmat) {transformation: [0.9495f,0.2707f,0.1589f,-0.0709f,-0.1341f,0.8076f,-0.5743f,-1.0044f,-0.2838f,0.524f,0.8031f,-0.3875f,0f,0f,0f,1f],start_interpolation: 0,interpolation_duration: 1}
$data merge entity $(bone_helmet) {transformation: [0.8297f,0.4996f,0.2492f,0.3156f,-0.1209f,-0.275f,0.9538f,-1.0947f,0.545f,-0.8215f,-0.1678f,-0.2952f,0f,0f,0f,1f],start_interpolation: 0,interpolation_duration: 1}
$data merge entity $(bone_upper) {transformation: [0.9693f,0.2351f,0.0721f,0.131f,-0.184f,0.4994f,0.8466f,-1.4167f,0.163f,-0.8339f,0.5273f,0.247f,0f,0f,0f,1f],start_interpolation: 0,interpolation_duration: 1}
data modify entity @s data merge value {"cameras":{},"locators":{"left_arm_grab":{"posx":0.2842774420611752,"posy":-0.899274182876359,"posz":-0.22283026723332933,"roty":179.43554196249931,"rotx":50.87420279726356},"camera":{"posx":0.3600636600906609,"posy":-1.2082568729466143,"posz":-0.687908357481672,"roty":172.21898656963666,"rotx":57.84391524362984}}}