# This file was generated by Animated Java via MC-Build. It is not recommended to edit this file directly.
$data merge entity $(bone_head) {transformation: [-0.9983f,0.0194f,-0.0557f,0.0061f,-0.018f,0.7997f,0.6001f,-1.0221f,0.0562f,0.6001f,-0.798f,0.0934f,0f,0f,0f,1f],start_interpolation: 0,interpolation_duration: 1}
$data merge entity $(bone_knife) {transformation: [-0.9901f,0.0029f,0.1405f,-0.5599f,0.0251f,0.9874f,0.1565f,-2.2227f,-0.1383f,0.1585f,-0.9776f,-0.1387f,0f,0f,0f,1f],start_interpolation: 0,interpolation_duration: 1}
$data merge entity $(bone_right_arm) {transformation: [-0.9901f,0.0029f,0.1405f,-0.3663f,0.0251f,0.9874f,0.1565f,-1.0192f,-0.1383f,0.1585f,-0.9776f,0.0499f,0f,0f,0f,1f],start_interpolation: 0,interpolation_duration: 1}
$data merge entity $(bone_left_arm) {transformation: [-0.9572f,0.289f,-0.0131f,0.4831f,-0.1897f,-0.5926f,0.7829f,-1.7184f,0.2185f,0.7519f,0.6221f,0.8113f,0f,0f,0f,1f],start_interpolation: 0,interpolation_duration: 1}
$data merge entity $(bone_torso) {transformation: [-0.9932f,0.0057f,0.1163f,0f,0.0076f,0.9998f,0.0163f,-2.1f,-0.1162f,0.0171f,-0.9931f,0.075f,0f,0f,0f,1f],start_interpolation: 0,interpolation_duration: 1}
$data merge entity $(bone_left_leg) {transformation: [-1f,0f,0f,0.2344f,0f,0.7986f,0.6018f,-2.35f,0f,0.6018f,-0.7986f,0.1063f,0f,0f,0f,1f],start_interpolation: 0,interpolation_duration: 1}
$data merge entity $(bone_right_leg_hazmat) {transformation: [0.9589f,0.2398f,0.1519f,0.3351f,-0.2826f,0.8566f,0.4317f,-1.3738f,-0.0266f,-0.4569f,0.8891f,0.3297f,0f,0f,0f,1f],start_interpolation: 0,interpolation_duration: 1}
$data merge entity $(bone_left_leg_hazmat) {transformation: [0.9855f,0.1668f,-0.0297f,0.0144f,-0.1257f,0.8377f,0.5315f,-1.3837f,0.1135f,-0.52f,0.8466f,0.2062f,0f,0f,0f,1f],start_interpolation: 0,interpolation_duration: 1}
$data merge entity $(bone_right_arm_hazmat) {transformation: [-0.2667f,0.6818f,0.6812f,0.6852f,0.4646f,0.7102f,-0.529f,-1.1256f,-0.8444f,0.1754f,-0.5061f,-0.2645f,0f,0f,0f,1f],start_interpolation: 0,interpolation_duration: 1}
$data merge entity $(bone_left_arm_hazmat) {transformation: [0.9477f,0.2761f,0.1602f,-0.0721f,-0.1445f,0.8185f,-0.5561f,-0.9818f,-0.2847f,0.5038f,0.8155f,-0.3918f,0f,0f,0f,1f],start_interpolation: 0,interpolation_duration: 1}
$data merge entity $(bone_helmet) {transformation: [0.8316f,0.4948f,0.2522f,0.3144f,-0.1115f,-0.296f,0.9487f,-1.0715f,0.5441f,-0.817f,-0.191f,-0.2992f,0f,0f,0f,1f],start_interpolation: 0,interpolation_duration: 1}
$data merge entity $(bone_upper) {transformation: [0.9693f,0.2333f,0.0777f,0.131f,-0.184f,0.4789f,0.8583f,-1.3801f,0.163f,-0.8463f,0.5072f,0.2511f,0f,0f,0f,1f],start_interpolation: 0,interpolation_duration: 1}
data modify entity @s data merge value {"cameras":{},"locators":{"left_arm_grab":{"posx":0.29544671095467145,"posy":-0.876271465338636,"posz":-0.2525368488331695,"roty":181.21015216740184,"rotx":51.523852719866966},"camera":{"posx":0.3566933334472142,"posy":-1.1943339382111202,"posz":-0.6893309869581971,"roty":171.29236805211522,"rotx":59.13082657989143}}}