# This file was generated by Animated Java via MC-Build. It is not recommended to edit this file directly.
$data merge entity $(bone_head) {transformation: [-0.9982f,0.0011f,-0.0599f,-0.0096f,-0.0326f,0.8283f,0.5593f,-1.0086f,0.0502f,0.5602f,-0.8268f,0.1011f,0f,0f,0f,1f],start_interpolation: 0,interpolation_duration: 1}
$data merge entity $(bone_knife) {transformation: [-0.9895f,-0.0124f,0.1439f,-0.5568f,0.0112f,0.9868f,0.1618f,-2.2166f,-0.144f,0.1617f,-0.9763f,-0.1382f,0f,0f,0f,1f],start_interpolation: 0,interpolation_duration: 1}
$data merge entity $(bone_right_arm) {transformation: [-0.9895f,-0.0124f,0.1439f,-0.3818f,0.0112f,0.9868f,0.1618f,-1.011f,-0.144f,0.1617f,-0.9763f,0.0554f,0f,0f,0f,1f],start_interpolation: 0,interpolation_duration: 1}
$data merge entity $(bone_left_arm) {transformation: [-0.9556f,0.2928f,-0.0326f,0.5f,-0.2042f,-0.5788f,0.7895f,-1.6793f,0.2123f,0.7611f,0.6129f,0.7933f,0f,0f,0f,1f],start_interpolation: 0,interpolation_duration: 1}
$data merge entity $(bone_torso) {transformation: [-0.9925f,-0.0089f,0.1218f,0f,-0.0064f,0.9998f,0.0213f,-2.0865f,-0.122f,0.0204f,-0.9923f,0.0792f,0f,0f,0f,1f],start_interpolation: 0,interpolation_duration: 1}
$data merge entity $(bone_left_leg) {transformation: [-1f,0f,0f,0.2344f,0f,0.8299f,0.558f,-2.3208f,0f,0.558f,-0.8299f,0.1052f,0f,0f,0f,1f],start_interpolation: 0,interpolation_duration: 1}
$data merge entity $(bone_right_leg_hazmat) {transformation: [0.9589f,0.2398f,0.1519f,0.3351f,-0.2826f,0.8566f,0.4317f,-1.3371f,-0.0266f,-0.4569f,0.8891f,0.3339f,0f,0f,0f,1f],start_interpolation: 0,interpolation_duration: 1}
$data merge entity $(bone_left_leg_hazmat) {transformation: [0.9855f,0.1668f,-0.0297f,0.0144f,-0.1257f,0.8377f,0.5315f,-1.3471f,0.1135f,-0.52f,0.8466f,0.2104f,0f,0f,0f,1f],start_interpolation: 0,interpolation_duration: 1}
$data merge entity $(bone_right_arm_hazmat) {transformation: [-0.2686f,0.6853f,0.6769f,0.6838f,0.4458f,0.7114f,-0.5433f,-1.1032f,-0.8538f,0.1558f,-0.4966f,-0.2685f,0f,0f,0f,1f],start_interpolation: 0,interpolation_duration: 1}
$data merge entity $(bone_left_arm_hazmat) {transformation: [0.9458f,0.2815f,0.1617f,-0.0734f,-0.1548f,0.8289f,-0.5376f,-0.9594f,-0.2854f,0.4835f,0.8275f,-0.3959f,0f,0f,0f,1f],start_interpolation: 0,interpolation_duration: 1}
$data merge entity $(bone_helmet) {transformation: [0.8336f,0.49f,0.255f,0.3131f,-0.1021f,-0.3169f,0.9429f,-1.0485f,0.5429f,-0.8121f,-0.2141f,-0.3028f,0f,0f,0f,1f],start_interpolation: 0,interpolation_duration: 1}
$data merge entity $(bone_upper) {transformation: [0.9693f,0.2313f,0.0833f,0.131f,-0.184f,0.4582f,0.8696f,-1.3435f,0.163f,-0.8582f,0.4867f,0.2553f,0f,0f,0f,1f],start_interpolation: 0,interpolation_duration: 1}
data modify entity @s data merge value {"cameras":{},"locators":{"left_arm_grab":{"posx":0.30689026844007117,"posy":-0.8526316663841895,"posz":-0.2816496739539791,"roty":183.0436447328798,"rotx":52.13511491608948},"camera":{"posx":0.35321049284665296,"posy":-1.1805212873549003,"posz":-0.6902090847287541,"roty":170.29359382503523,"rotx":60.41062373037177}}}