# This file was generated by Animated Java via MC-Build. It is not recommended to edit this file directly.
$data merge entity $(bone_head) {transformation: [-0.9848f,0.1378f,-0.1057f,0f,-0.001f,0.6042f,0.7968f,-0.8653f,0.1736f,0.7848f,-0.5949f,-0.0095f,0f,0f,0f,1f],start_interpolation: 0,interpolation_duration: 1}
$data merge entity $(bone_knife) {transformation: [-0.9311f,-0.2439f,-0.2712f,-0.2438f,-0.0862f,0.8697f,-0.4861f,-1.9262f,0.3544f,-0.4292f,-0.8308f,0.606f,0f,0f,0f,1f],start_interpolation: 0,interpolation_duration: 1}
$data merge entity $(bone_right_arm) {transformation: [-0.9311f,-0.2439f,-0.2712f,-0.375f,-0.0862f,0.8697f,-0.4861f,-0.8653f,0.3544f,-0.4292f,-0.8308f,-0.0095f,0f,0f,0f,1f],start_interpolation: 0,interpolation_duration: 1}
$data merge entity $(bone_left_arm) {transformation: [-1f,0f,0f,0.375f,0f,0.7112f,-0.703f,-0.8653f,0f,-0.703f,-0.7112f,-0.0095f,0f,0f,0f,1f],start_interpolation: 0,interpolation_duration: 1}
$data merge entity $(bone_torso) {transformation: [-1f,0f,0f,0f,0f,0.9922f,-0.1248f,-1.935f,0f,-0.1248f,-0.9922f,0.125f,0f,0f,0f,1f],start_interpolation: 0,interpolation_duration: 1}
$data merge entity $(bone_right_leg_hazmat) {transformation: [-1f,0.0078f,-0.005f,-0.2188f,0.0092f,0.8476f,-0.5305f,-2.3125f,0.0001f,-0.5306f,-0.8476f,1.0625f,0f,0f,0f,1f],start_interpolation: 0,interpolation_duration: 1}
$data merge entity $(bone_left_leg_hazmat) {transformation: [-0.999f,-0.0426f,-0.0093f,0.125f,-0.0378f,0.9523f,-0.303f,-2.3125f,0.0218f,-0.3023f,-0.953f,1.0625f,0f,0f,0f,1f],start_interpolation: 0,interpolation_duration: 1}
$data merge entity $(bone_right_arm_hazmat) {transformation: [-0.999f,0.0428f,0.0085f,-0.4063f,0.0395f,0.9705f,-0.2379f,-1.6894f,-0.0184f,-0.2373f,-0.9713f,0.7719f,0f,0f,0f,1f],start_interpolation: 0,interpolation_duration: 1}
$data merge entity $(bone_left_arm_hazmat) {transformation: [-0.999f,-0.0428f,-0.0085f,0.375f,-0.0395f,0.9705f,-0.2379f,-1.6894f,0.0184f,-0.2373f,-0.9713f,0.7719f,0f,0f,0f,1f],start_interpolation: 0,interpolation_duration: 1}
$data merge entity $(bone_helmet) {transformation: [-1f,0f,0f,-0.0313f,0f,0.9914f,-0.1305f,-1.7177f,0f,-0.1305f,-0.9914f,0.7852f,0f,0f,0f,1f],start_interpolation: 0,interpolation_duration: 1}
data modify entity @s data merge value {"cameras":{},"locators":{"left_arm_grab":{"posx":0.5874999999999999,"posy":-1.8276520051896057,"posz":0.941718655547099,"roty":0,"rotx":-44.66666666666667}}}