# This file was generated by Animated Java via MC-Build. It is not recommended to edit this file directly.
$data merge entity $(bone_head) {transformation: [-0.9979f,-0.0174f,-0.0624f,-0.0254f,-0.0473f,0.8546f,0.5172f,-0.9954f,0.0443f,0.519f,-0.8536f,0.1088f,0f,0f,0f,1f],start_interpolation: 0,interpolation_duration: 1}
$data merge entity $(bone_knife) {transformation: [-0.9887f,-0.0276f,0.1472f,-0.5536f,-0.0027f,0.9859f,0.1672f,-2.2104f,-0.1497f,0.1649f,-0.9749f,-0.1377f,0f,0f,0f,1f],start_interpolation: 0,interpolation_duration: 1}
$data merge entity $(bone_right_arm) {transformation: [-0.9887f,-0.0276f,0.1472f,-0.3973f,-0.0027f,0.9859f,0.1672f,-1.003f,-0.1497f,0.1649f,-0.9749f,0.0609f,0f,0f,0f,1f],start_interpolation: 0,interpolation_duration: 1}
$data merge entity $(bone_left_arm) {transformation: [-0.9538f,0.296f,-0.0521f,0.5164f,-0.2188f,-0.565f,0.7955f,-1.6394f,0.206f,0.7702f,0.6037f,0.7758f,0f,0f,0f,1f],start_interpolation: 0,interpolation_duration: 1}
$data merge entity $(bone_torso) {transformation: [-0.9916f,-0.0236f,0.1272f,0f,-0.0204f,0.9994f,0.0264f,-2.0729f,-0.1278f,0.0236f,-0.9915f,0.0833f,0f,0f,0f,1f],start_interpolation: 0,interpolation_duration: 1}
$data merge entity $(bone_left_leg) {transformation: [-1f,0f,0f,0.2344f,0f,0.8587f,0.5125f,-2.2917f,0f,0.5125f,-0.8587f,0.1042f,0f,0f,0f,1f],start_interpolation: 0,interpolation_duration: 1}
$data merge entity $(bone_right_leg_hazmat) {transformation: [0.9589f,0.2398f,0.1519f,0.3351f,-0.2826f,0.8566f,0.4317f,-1.3005f,-0.0266f,-0.4569f,0.8891f,0.338f,0f,0f,0f,1f],start_interpolation: 0,interpolation_duration: 1}
$data merge entity $(bone_left_leg_hazmat) {transformation: [0.9855f,0.1668f,-0.0297f,0.0144f,-0.1257f,0.8377f,0.5315f,-1.3104f,0.1135f,-0.52f,0.8466f,0.2146f,0f,0f,0f,1f],start_interpolation: 0,interpolation_duration: 1}
$data merge entity $(bone_right_arm_hazmat) {transformation: [-0.2707f,0.6888f,0.6726f,0.6824f,0.4269f,0.7121f,-0.5574f,-1.081f,-0.8628f,0.1362f,-0.4868f,-0.2722f,0f,0f,0f,1f],start_interpolation: 0,interpolation_duration: 1}
$data merge entity $(bone_left_arm_hazmat) {transformation: [0.9439f,0.2869f,0.1633f,-0.0748f,-0.1651f,0.8388f,-0.5189f,-0.9372f,-0.2859f,0.4628f,0.8391f,-0.3996f,0f,0f,0f,1f],start_interpolation: 0,interpolation_duration: 1}
$data merge entity $(bone_helmet) {transformation: [0.8356f,0.4852f,0.2576f,0.3118f,-0.0928f,-0.3376f,0.9367f,-1.0257f,0.5414f,-0.8066f,-0.2371f,-0.3062f,0f,0f,0f,1f],start_interpolation: 0,interpolation_duration: 1}
$data merge entity $(bone_upper) {transformation: [0.9693f,0.2293f,0.0888f,0.131f,-0.184f,0.4372f,0.8803f,-1.3068f,0.163f,-0.8697f,0.466f,0.2595f,0f,0f,0f,1f],start_interpolation: 0,interpolation_duration: 1}
data modify entity @s data merge value {"cameras":{},"locators":{"left_arm_grab":{"posx":0.3185834093094839,"posy":-0.8283371257854872,"posz":-0.31016119659540975,"roty":184.9346442965771,"rotx":52.70641342098744},"camera":{"posx":0.3496171440209006,"posy":-1.16680578298174,"posz":-0.6905397455656163,"roty":169.21328483737253,"rotx":61.68233398820802}}}