# This file was generated by Animated Java via MC-Build. It is not recommended to edit this file directly.
$data merge entity $(bone_head) {transformation: [-0.9973f,-0.0362f,-0.0632f,-0.0412f,-0.0619f,0.8784f,0.4738f,-0.9824f,0.0384f,0.4765f,-0.8783f,0.1165f,0f,0f,0f,1f],start_interpolation: 0,interpolation_duration: 1}
$data merge entity $(bone_knife) {transformation: [-0.9877f,-0.0429f,0.1503f,-0.5502f,-0.0165f,0.9848f,0.1727f,-2.2041f,-0.1555f,0.1681f,-0.9734f,-0.1372f,0f,0f,0f,1f],start_interpolation: 0,interpolation_duration: 1}
$data merge entity $(bone_right_arm) {transformation: [-0.9877f,-0.0429f,0.1503f,-0.4126f,-0.0165f,0.9848f,0.1727f,-0.9953f,-0.1555f,0.1681f,-0.9734f,0.0664f,0f,0f,0f,1f],start_interpolation: 0,interpolation_duration: 1}
$data merge entity $(bone_left_arm) {transformation: [-0.9517f,0.2987f,-0.0717f,0.5324f,-0.2334f,-0.5512f,0.8011f,-1.5987f,0.1998f,0.7791f,0.5942f,0.7586f,0f,0f,0f,1f],start_interpolation: 0,interpolation_duration: 1}
$data merge entity $(bone_torso) {transformation: [-0.9904f,-0.0382f,0.1325f,0f,-0.0343f,0.9989f,0.0317f,-2.0594f,-0.1336f,0.0269f,-0.9907f,0.0875f,0f,0f,0f,1f],start_interpolation: 0,interpolation_duration: 1}
$data merge entity $(bone_left_leg) {transformation: [-1f,0f,0f,0.2344f,0f,0.885f,0.4656f,-2.2625f,0f,0.4656f,-0.885f,0.1031f,0f,0f,0f,1f],start_interpolation: 0,interpolation_duration: 1}
$data merge entity $(bone_right_leg_hazmat) {transformation: [0.9589f,0.2398f,0.1519f,0.3351f,-0.2826f,0.8566f,0.4317f,-1.2639f,-0.0266f,-0.4569f,0.8891f,0.3422f,0f,0f,0f,1f],start_interpolation: 0,interpolation_duration: 1}
$data merge entity $(bone_left_leg_hazmat) {transformation: [0.9855f,0.1668f,-0.0297f,0.0144f,-0.1257f,0.8377f,0.5315f,-1.2738f,0.1135f,-0.52f,0.8466f,0.2187f,0f,0f,0f,1f],start_interpolation: 0,interpolation_duration: 1}
$data merge entity $(bone_right_arm_hazmat) {transformation: [-0.2729f,0.6921f,0.6682f,0.6809f,0.4078f,0.7123f,-0.5712f,-1.059f,-0.8713f,0.1166f,-0.4767f,-0.2756f,0f,0f,0f,1f],start_interpolation: 0,interpolation_duration: 1}
$data merge entity $(bone_left_arm_hazmat) {transformation: [0.942f,0.2922f,0.1651f,-0.0764f,-0.1755f,0.8481f,-0.4999f,-0.9152f,-0.2861f,0.4419f,0.8502f,-0.4029f,0f,0f,0f,1f],start_interpolation: 0,interpolation_duration: 1}
$data merge entity $(bone_helmet) {transformation: [0.8376f,0.4803f,0.2602f,0.3103f,-0.0835f,-0.3582f,0.9299f,-1.003f,0.5398f,-0.8006f,-0.26f,-0.3092f,0f,0f,0f,1f],start_interpolation: 0,interpolation_duration: 1}
$data merge entity $(bone_upper) {transformation: [0.9693f,0.2271f,0.0943f,0.131f,-0.184f,0.416f,0.8906f,-1.2702f,0.163f,-0.8806f,0.445f,0.2636f,0f,0f,0f,1f],start_interpolation: 0,interpolation_duration: 1}
data modify entity @s data merge value {"cameras":{},"locators":{"left_arm_grab":{"posx":0.3305007287472141,"posy":-0.8033709851064181,"posz":-0.338063972193856,"roty":186.88124854164542,"rotx":53.23621578767104},"camera":{"posx":0.34591535634242565,"posy":-1.1531742317497686,"posz":-0.690320379504333,"roty":168.04049603477378,"rotx":62.944808966198984}}}