# This file was generated by Animated Java via MC-Build. It is not recommended to edit this file directly.
$data merge entity $(bone_head) {transformation: [-0.9965f,-0.055f,-0.0623f,-0.0571f,-0.0765f,0.8998f,0.4295f,-0.9697f,0.0325f,0.4328f,-0.9009f,0.1241f,0f,0f,0f,1f],start_interpolation: 0,interpolation_duration: 1}
$data merge entity $(bone_knife) {transformation: [-0.9865f,-0.0582f,0.1533f,-0.5468f,-0.0303f,0.9835f,0.1783f,-2.1977f,-0.1612f,0.1712f,-0.972f,-0.1366f,0f,0f,0f,1f],start_interpolation: 0,interpolation_duration: 1}
$data merge entity $(bone_right_arm) {transformation: [-0.9865f,-0.0582f,0.1533f,-0.428f,-0.0303f,0.9835f,0.1783f,-0.9878f,-0.1612f,0.1712f,-0.972f,0.0719f,0f,0f,0f,1f],start_interpolation: 0,interpolation_duration: 1}
$data merge entity $(bone_left_arm) {transformation: [-0.9493f,0.3009f,-0.0913f,0.548f,-0.2479f,-0.5373f,0.8062f,-1.5574f,0.1935f,0.7879f,0.5846f,0.7419f,0f,0f,0f,1f],start_interpolation: 0,interpolation_duration: 1}
$data merge entity $(bone_torso) {transformation: [-0.9891f,-0.0529f,0.1377f,0f,-0.0482f,0.9981f,0.0372f,-2.0458f,-0.1394f,0.0301f,-0.9898f,0.0917f,0f,0f,0f,1f],start_interpolation: 0,interpolation_duration: 1}
$data merge entity $(bone_left_leg) {transformation: [-1f,0f,0f,0.2344f,0f,0.9088f,0.4173f,-2.2333f,0f,0.4173f,-0.9088f,0.1021f,0f,0f,0f,1f],start_interpolation: 0,interpolation_duration: 1}
$data merge entity $(bone_right_leg_hazmat) {transformation: [0.9589f,0.2398f,0.1519f,0.3351f,-0.2826f,0.8566f,0.4317f,-1.2273f,-0.0266f,-0.4569f,0.8891f,0.3464f,0f,0f,0f,1f],start_interpolation: 0,interpolation_duration: 1}
$data merge entity $(bone_left_leg_hazmat) {transformation: [0.9855f,0.1668f,-0.0297f,0.0144f,-0.1257f,0.8377f,0.5315f,-1.2372f,0.1135f,-0.52f,0.8466f,0.2229f,0f,0f,0f,1f],start_interpolation: 0,interpolation_duration: 1}
$data merge entity $(bone_right_arm_hazmat) {transformation: [-0.2752f,0.6954f,0.6639f,0.6793f,0.3885f,0.7121f,-0.5848f,-1.0372f,-0.8794f,0.097f,-0.4662f,-0.2786f,0f,0f,0f,1f],start_interpolation: 0,interpolation_duration: 1}
$data merge entity $(bone_left_arm_hazmat) {transformation: [0.94f,0.2974f,0.1669f,-0.078f,-0.1858f,0.857f,-0.4806f,-0.8934f,-0.286f,0.4208f,0.8609f,-0.4059f,0f,0f,0f,1f],start_interpolation: 0,interpolation_duration: 1}
$data merge entity $(bone_helmet) {transformation: [0.8397f,0.4753f,0.2626f,0.3088f,-0.0742f,-0.3786f,0.9226f,-0.9805f,0.5379f,-0.7942f,-0.2827f,-0.3118f,0f,0f,0f,1f],start_interpolation: 0,interpolation_duration: 1}
$data merge entity $(bone_upper) {transformation: [0.9693f,0.2247f,0.0997f,0.131f,-0.184f,0.3945f,0.9003f,-1.2336f,0.163f,-0.891f,0.4237f,0.2678f,0f,0f,0f,1f],start_interpolation: 0,interpolation_duration: 1}
data modify entity @s data merge value {"cameras":{},"locators":{"left_arm_grab":{"posx":0.34261614615531355,"posy":-0.7777172115967459,"posz":-0.36535065984131465,"roty":188.88099657723552,"rotx":53.72305374504321},"camera":{"posx":0.34210726163251143,"posy":-1.1396133919693685,"posz":-0.6895487133352627,"roty":166.762406253571,"rotx":64.19668518362387}}}