# This file was generated by Animated Java via MC-Build. It is not recommended to edit this file directly.
$data merge entity $(bone_head) {transformation: [-0.9955f,-0.0738f,-0.0597f,-0.0729f,-0.0912f,0.9187f,0.3842f,-0.9572f,0.0265f,0.3879f,-0.9213f,0.1318f,0f,0f,0f,1f],start_interpolation: 0,interpolation_duration: 1}
$data merge entity $(bone_knife) {transformation: [-0.985f,-0.0735f,0.1562f,-0.5432f,-0.0441f,0.9819f,0.184f,-2.1913f,-0.1669f,0.1744f,-0.9704f,-0.1361f,0f,0f,0f,1f],start_interpolation: 0,interpolation_duration: 1}
$data merge entity $(bone_right_arm) {transformation: [-0.985f,-0.0735f,0.1562f,-0.4432f,-0.0441f,0.9819f,0.184f,-0.9805f,-0.1669f,0.1744f,-0.9704f,0.0774f,0f,0f,0f,1f],start_interpolation: 0,interpolation_duration: 1}
$data merge entity $(bone_left_arm) {transformation: [-0.9466f,0.3026f,-0.111f,0.5632f,-0.2624f,-0.5234f,0.8107f,-1.5153f,0.1872f,0.7966f,0.5748f,0.7256f,0f,0f,0f,1f],start_interpolation: 0,interpolation_duration: 1}
$data merge entity $(bone_torso) {transformation: [-0.9875f,-0.0677f,0.1427f,0f,-0.0621f,0.9972f,0.0428f,-2.0323f,-0.1452f,0.0334f,-0.9888f,0.0958f,0f,0f,0f,1f],start_interpolation: 0,interpolation_duration: 1}
$data merge entity $(bone_left_leg) {transformation: [-1f,0f,0f,0.2344f,0f,0.9299f,0.3679f,-2.2042f,0f,0.3679f,-0.9299f,0.101f,0f,0f,0f,1f],start_interpolation: 0,interpolation_duration: 1}
$data merge entity $(bone_right_leg_hazmat) {transformation: [0.9589f,0.2398f,0.1519f,0.3351f,-0.2826f,0.8566f,0.4317f,-1.1906f,-0.0266f,-0.4569f,0.8891f,0.3505f,0f,0f,0f,1f],start_interpolation: 0,interpolation_duration: 1}
$data merge entity $(bone_left_leg_hazmat) {transformation: [0.9855f,0.1668f,-0.0297f,0.0144f,-0.1257f,0.8377f,0.5315f,-1.2006f,0.1135f,-0.52f,0.8466f,0.2271f,0f,0f,0f,1f],start_interpolation: 0,interpolation_duration: 1}
$data merge entity $(bone_right_arm_hazmat) {transformation: [-0.2776f,0.6985f,0.6595f,0.6776f,0.3691f,0.7114f,-0.5981f,-1.0155f,-0.887f,0.0774f,-0.4553f,-0.2812f,0f,0f,0f,1f],start_interpolation: 0,interpolation_duration: 1}
$data merge entity $(bone_left_arm_hazmat) {transformation: [0.938f,0.3026f,0.1689f,-0.0796f,-0.1961f,0.8654f,-0.4611f,-0.8717f,-0.2857f,0.3994f,0.8711f,-0.4086f,0f,0f,0f,1f],start_interpolation: 0,interpolation_duration: 1}
$data merge entity $(bone_helmet) {transformation: [0.8418f,0.4703f,0.2649f,0.3072f,-0.065f,-0.3989f,0.9147f,-0.9581f,0.5358f,-0.7872f,-0.3052f,-0.3142f,0f,0f,0f,1f],start_interpolation: 0,interpolation_duration: 1}
$data merge entity $(bone_upper) {transformation: [0.9693f,0.2223f,0.105f,0.131f,-0.184f,0.3727f,0.9095f,-1.197f,0.163f,-0.9009f,0.4022f,0.272f,0f,0f,0f,1f],start_interpolation: 0,interpolation_duration: 1}
data modify entity @s data merge value {"cameras":{},"locators":{"left_arm_grab":{"posx":0.35490292975276805,"posy":-0.7513606214062928,"posz":-0.39201402448499734,"roty":190.93084812264686,"rotx":54.16554528040643},"camera":{"posx":0.33819505293356356,"posy":-1.1261099812289275,"posz":-0.688222791912689,"roty":165.36394327535336,"rotx":65.43633434113016}}}