# This file was generated by Animated Java via MC-Build. It is not recommended to edit this file directly.
$data merge entity $(bone_head) {transformation: [-0.9942f,-0.0924f,-0.0554f,-0.0888f,-0.1058f,0.9351f,0.3382f,-0.945f,0.0206f,0.3421f,-0.9394f,0.1394f,0f,0f,0f,1f],start_interpolation: 0,interpolation_duration: 1}
$data merge entity $(bone_knife) {transformation: [-0.9833f,-0.0888f,0.1589f,-0.5395f,-0.0578f,0.9801f,0.1899f,-2.1848f,-0.1726f,0.1775f,-0.9689f,-0.1356f,0f,0f,0f,1f],start_interpolation: 0,interpolation_duration: 1}
$data merge entity $(bone_right_arm) {transformation: [-0.9833f,-0.0888f,0.1589f,-0.4584f,-0.0578f,0.9801f,0.1899f,-0.9735f,-0.1726f,0.1775f,-0.9689f,0.0828f,0f,0f,0f,1f],start_interpolation: 0,interpolation_duration: 1}
$data merge entity $(bone_left_arm) {transformation: [-0.9437f,0.3038f,-0.1307f,0.5779f,-0.2768f,-0.5095f,0.8147f,-1.4725f,0.1809f,0.8051f,0.5649f,0.7098f,0f,0f,0f,1f],start_interpolation: 0,interpolation_duration: 1}
$data merge entity $(bone_torso) {transformation: [-0.9856f,-0.0824f,0.1475f,0f,-0.076f,0.9959f,0.0485f,-2.0187f,-0.1509f,0.0366f,-0.9879f,0.1f,0f,0f,0f,1f],start_interpolation: 0,interpolation_duration: 1}
$data merge entity $(bone_left_leg) {transformation: [-1f,0f,0f,0.2344f,0f,0.9483f,0.3173f,-2.175f,0f,0.3173f,-0.9483f,0.1f,0f,0f,0f,1f],start_interpolation: 0,interpolation_duration: 1}
$data merge entity $(bone_right_leg_hazmat) {transformation: [0.9589f,0.2398f,0.1519f,0.3351f,-0.2826f,0.8566f,0.4317f,-1.154f,-0.0266f,-0.4569f,0.8891f,0.3547f,0f,0f,0f,1f],start_interpolation: 0,interpolation_duration: 1}
$data merge entity $(bone_left_leg_hazmat) {transformation: [0.9855f,0.1668f,-0.0297f,0.0144f,-0.1257f,0.8377f,0.5315f,-1.1639f,0.1135f,-0.52f,0.8466f,0.2312f,0f,0f,0f,1f],start_interpolation: 0,interpolation_duration: 1}
$data merge entity $(bone_right_arm_hazmat) {transformation: [-0.2802f,0.7016f,0.6552f,0.6759f,0.3495f,0.7102f,-0.6111f,-0.9939f,-0.8941f,0.0577f,-0.4442f,-0.2835f,0f,0f,0f,1f],start_interpolation: 0,interpolation_duration: 1}
$data merge entity $(bone_left_arm_hazmat) {transformation: [0.936f,0.3077f,0.171f,-0.0814f,-0.2064f,0.8732f,-0.4414f,-0.8501f,-0.2852f,0.3778f,0.8809f,-0.4108f,0f,0f,0f,1f],start_interpolation: 0,interpolation_duration: 1}
$data merge entity $(bone_helmet) {transformation: [0.8439f,0.4652f,0.2671f,0.3055f,-0.0559f,-0.4189f,0.9063f,-0.9359f,0.5335f,-0.7798f,-0.3276f,-0.3162f,0f,0f,0f,1f],start_interpolation: 0,interpolation_duration: 1}
$data merge entity $(bone_upper) {transformation: [0.9693f,0.2197f,0.1103f,0.131f,-0.184f,0.3508f,0.9182f,-1.1603f,0.163f,-0.9103f,0.3805f,0.2761f,0f,0f,0f,1f],start_interpolation: 0,interpolation_duration: 1}
data modify entity @s data merge value {"cameras":{},"locators":{"left_arm_grab":{"posx":0.3673337219291395,"posy":-0.724286902094311,"posz":-0.4180469391068994,"roty":193.02717614088863,"rotx":54.56241763420793},"camera":{"posx":0.33418098324615714,"posy":-1.1126506840440427,"posz":-0.6863409792807721,"roty":163.82733330224357,"rotx":66.6618003361664}}}