# This file was generated by Animated Java via MC-Build. It is not recommended to edit this file directly.
$data merge entity $(bone_head) {transformation: [-0.9926f,-0.1107f,-0.0495f,-0.1047f,-0.1203f,0.9489f,0.2917f,-0.933f,0.0147f,0.2955f,-0.9552f,0.1471f,0f,0f,0f,1f],start_interpolation: 0,interpolation_duration: 1}
$data merge entity $(bone_knife) {transformation: [-0.9814f,-0.1041f,0.1614f,-0.5357f,-0.0715f,0.978f,0.1958f,-2.1782f,-0.1783f,0.1806f,-0.9673f,-0.135f,0f,0f,0f,1f],start_interpolation: 0,interpolation_duration: 1}
$data merge entity $(bone_right_arm) {transformation: [-0.9814f,-0.1041f,0.1614f,-0.4736f,-0.0715f,0.978f,0.1958f,-0.9667f,-0.1783f,0.1806f,-0.9673f,0.0883f,0f,0f,0f,1f],start_interpolation: 0,interpolation_duration: 1}
$data merge entity $(bone_left_arm) {transformation: [-0.9406f,0.3045f,-0.1504f,0.5921f,-0.2913f,-0.4956f,0.8183f,-1.4289f,0.1747f,0.8134f,0.5548f,0.6944f,0f,0f,0f,1f],start_interpolation: 0,interpolation_duration: 1}
$data merge entity $(bone_torso) {transformation: [-0.9836f,-0.0971f,0.1523f,0f,-0.0898f,0.9945f,0.0544f,-2.0052f,-0.1567f,0.0398f,-0.9868f,0.1042f,0f,0f,0f,1f],start_interpolation: 0,interpolation_duration: 1}
$data merge entity $(bone_left_leg) {transformation: [-1f,0f,0f,0.2344f,0f,0.964f,0.2658f,-2.1458f,0f,0.2658f,-0.964f,0.099f,0f,0f,0f,1f],start_interpolation: 0,interpolation_duration: 1}
$data merge entity $(bone_right_leg_hazmat) {transformation: [0.9589f,0.2398f,0.1519f,0.3351f,-0.2826f,0.8566f,0.4317f,-1.1174f,-0.0266f,-0.4569f,0.8891f,0.3589f,0f,0f,0f,1f],start_interpolation: 0,interpolation_duration: 1}
$data merge entity $(bone_left_leg_hazmat) {transformation: [0.9855f,0.1668f,-0.0297f,0.0144f,-0.1257f,0.8377f,0.5315f,-1.1273f,0.1135f,-0.52f,0.8466f,0.2354f,0f,0f,0f,1f],start_interpolation: 0,interpolation_duration: 1}
$data merge entity $(bone_right_arm_hazmat) {transformation: [-0.2828f,0.7046f,0.6508f,0.674f,0.3297f,0.7086f,-0.6239f,-0.9725f,-0.9007f,0.0381f,-0.4327f,-0.2854f,0f,0f,0f,1f],start_interpolation: 0,interpolation_duration: 1}
$data merge entity $(bone_left_arm_hazmat) {transformation: [0.9339f,0.3128f,0.1733f,-0.0833f,-0.2167f,0.8806f,-0.4215f,-0.8287f,-0.2844f,0.3561f,0.8901f,-0.4128f,0f,0f,0f,1f],start_interpolation: 0,interpolation_duration: 1}
$data merge entity $(bone_helmet) {transformation: [0.8461f,0.4601f,0.2691f,0.3037f,-0.0468f,-0.4388f,0.8974f,-0.9138f,0.531f,-0.7719f,-0.3497f,-0.3178f,0f,0f,0f,1f],start_interpolation: 0,interpolation_duration: 1}
$data merge entity $(bone_upper) {transformation: [0.9693f,0.217f,0.1156f,0.131f,-0.184f,0.3287f,0.9263f,-1.1237f,0.163f,-0.9192f,0.3585f,0.2803f,0f,0f,0f,1f],start_interpolation: 0,interpolation_duration: 1}
data modify entity @s data merge value {"cameras":{},"locators":{"left_arm_grab":{"posx":0.3798805653327096,"posy":-0.6964826344100312,"posz":-0.443442386882567,"roty":195.16577526283004,"rotx":54.91253056061592},"camera":{"posx":0.33006736423155875,"posy":-1.0992221595257714,"posz":-0.683901959615677,"roty":162.13156571399992,"rotx":67.87071925099384}}}