# This file was generated by Animated Java via MC-Build. It is not recommended to edit this file directly.
$data merge entity $(bone_head) {transformation: [-0.9908f,-0.1285f,-0.0418f,-0.1207f,-0.1349f,0.9602f,0.2447f,-0.9213f,0.0087f,0.2481f,-0.9687f,0.1547f,0f,0f,0f,1f],start_interpolation: 0,interpolation_duration: 1}
$data merge entity $(bone_knife) {transformation: [-0.9792f,-0.1194f,0.1638f,-0.5318f,-0.0852f,0.9757f,0.2019f,-2.1716f,-0.184f,0.1837f,-0.9656f,-0.1345f,0f,0f,0f,1f],start_interpolation: 0,interpolation_duration: 1}
$data merge entity $(bone_right_arm) {transformation: [-0.9792f,-0.1194f,0.1638f,-0.4886f,-0.0852f,0.9757f,0.2019f,-0.9602f,-0.184f,0.1837f,-0.9656f,0.0938f,0f,0f,0f,1f],start_interpolation: 0,interpolation_duration: 1}
$data merge entity $(bone_left_arm) {transformation: [-0.9371f,0.3047f,-0.1701f,0.6057f,-0.3057f,-0.4817f,0.8213f,-1.3847f,0.1684f,0.8216f,0.5446f,0.6794f,0f,0f,0f,1f],start_interpolation: 0,interpolation_duration: 1}
$data merge entity $(bone_torso) {transformation: [-0.9813f,-0.1119f,0.1569f,0f,-0.1036f,0.9928f,0.0604f,-1.9917f,-0.1625f,0.043f,-0.9858f,0.1083f,0f,0f,0f,1f],start_interpolation: 0,interpolation_duration: 1}
$data merge entity $(bone_left_leg) {transformation: [-1f,0f,0f,0.2344f,0f,0.9769f,0.2136f,-2.1167f,0f,0.2136f,-0.9769f,0.0979f,0f,0f,0f,1f],start_interpolation: 0,interpolation_duration: 1}
$data merge entity $(bone_right_leg_hazmat) {transformation: [0.9589f,0.2398f,0.1519f,0.3351f,-0.2826f,0.8566f,0.4317f,-1.0808f,-0.0266f,-0.4569f,0.8891f,0.363f,0f,0f,0f,1f],start_interpolation: 0,interpolation_duration: 1}
$data merge entity $(bone_left_leg_hazmat) {transformation: [0.9855f,0.1668f,-0.0297f,0.0144f,-0.1257f,0.8377f,0.5315f,-1.0907f,0.1135f,-0.52f,0.8466f,0.2396f,0f,0f,0f,1f],start_interpolation: 0,interpolation_duration: 1}
$data merge entity $(bone_right_arm_hazmat) {transformation: [-0.2855f,0.7075f,0.6465f,0.672f,0.3098f,0.7065f,-0.6363f,-0.9512f,-0.9069f,0.0185f,-0.4209f,-0.287f,0f,0f,0f,1f],start_interpolation: 0,interpolation_duration: 1}
$data merge entity $(bone_left_arm_hazmat) {transformation: [0.9318f,0.3178f,0.1756f,-0.0852f,-0.227f,0.8874f,-0.4014f,-0.8074f,-0.2834f,0.3341f,0.8989f,-0.4143f,0f,0f,0f,1f],start_interpolation: 0,interpolation_duration: 1}
$data merge entity $(bone_helmet) {transformation: [0.8483f,0.455f,0.271f,0.3019f,-0.0378f,-0.4584f,0.8879f,-0.8918f,0.5282f,-0.7634f,-0.3717f,-0.3191f,0f,0f,0f,1f],start_interpolation: 0,interpolation_duration: 1}
$data merge entity $(bone_upper) {transformation: [0.9693f,0.2141f,0.1208f,0.131f,-0.184f,0.3064f,0.934f,-1.0871f,0.163f,-0.9275f,0.3364f,0.2845f,0f,0f,0f,1f],start_interpolation: 0,interpolation_duration: 1}
data modify entity @s data merge value {"cameras":{},"locators":{"left_arm_grab":{"posx":0.39251492967240026,"posy":-0.667935313320924,"posz":-0.4681934633182404,"roty":197.34188778823392,"rotx":55.21489909262993},"camera":{"posx":0.32585656488046455,"posy":-1.0858110490635078,"posz":-0.6809047379833415,"roty":160.25176946950043,"rotx":69.0602175812314}}}