# This file was generated by Animated Java via MC-Build. It is not recommended to edit this file directly.
$data merge entity $(bone_head) {transformation: [-0.9888f,-0.1458f,-0.0326f,-0.1366f,-0.1494f,0.9689f,0.1974f,-0.9098f,0.0028f,0.2001f,-0.9798f,0.1623f,0f,0f,0f,1f],start_interpolation: 0,interpolation_duration: 1}
$data merge entity $(bone_knife) {transformation: [-0.9769f,-0.1347f,0.1661f,-0.5278f,-0.0988f,0.9731f,0.2081f,-2.1648f,-0.1896f,0.1868f,-0.9639f,-0.1339f,0f,0f,0f,1f],start_interpolation: 0,interpolation_duration: 1}
$data merge entity $(bone_right_arm) {transformation: [-0.9769f,-0.1347f,0.1661f,-0.5036f,-0.0988f,0.9731f,0.2081f,-0.9538f,-0.1896f,0.1868f,-0.9639f,0.0992f,0f,0f,0f,1f],start_interpolation: 0,interpolation_duration: 1}
$data merge entity $(bone_left_arm) {transformation: [-0.9335f,0.3044f,-0.1897f,0.6188f,-0.32f,-0.4679f,0.8238f,-1.3397f,0.162f,0.8297f,0.5342f,0.6648f,0f,0f,0f,1f],start_interpolation: 0,interpolation_duration: 1}
$data merge entity $(bone_torso) {transformation: [-0.9787f,-0.1267f,0.1613f,0f,-0.1173f,0.9909f,0.0666f,-1.9781f,-0.1682f,0.0462f,-0.9847f,0.1125f,0f,0f,0f,1f],start_interpolation: 0,interpolation_duration: 1}
$data merge entity $(bone_left_leg) {transformation: [-1f,0f,0f,0.2344f,0f,0.987f,0.1607f,-2.0875f,0f,0.1607f,-0.987f,0.0969f,0f,0f,0f,1f],start_interpolation: 0,interpolation_duration: 1}
$data merge entity $(bone_right_leg_hazmat) {transformation: [0.9589f,0.2398f,0.1519f,0.3351f,-0.2826f,0.8566f,0.4317f,-1.0441f,-0.0266f,-0.4569f,0.8891f,0.3672f,0f,0f,0f,1f],start_interpolation: 0,interpolation_duration: 1}
$data merge entity $(bone_left_leg_hazmat) {transformation: [0.9855f,0.1668f,-0.0297f,0.0144f,-0.1257f,0.8377f,0.5315f,-1.0541f,0.1135f,-0.52f,0.8466f,0.2437f,0f,0f,0f,1f],start_interpolation: 0,interpolation_duration: 1}
$data merge entity $(bone_right_arm_hazmat) {transformation: [-0.2884f,0.7103f,0.6421f,0.67f,0.2897f,0.7039f,-0.6485f,-0.9301f,-0.9126f,-0.001f,-0.4088f,-0.2882f,0f,0f,0f,1f],start_interpolation: 0,interpolation_duration: 1}
$data merge entity $(bone_left_arm_hazmat) {transformation: [0.9296f,0.3227f,0.1781f,-0.0873f,-0.2372f,0.8936f,-0.381f,-0.7863f,-0.2821f,0.312f,0.9073f,-0.4155f,0f,0f,0f,1f],start_interpolation: 0,interpolation_duration: 1}
$data merge entity $(bone_helmet) {transformation: [0.8505f,0.4498f,0.2728f,0.2999f,-0.0289f,-0.4779f,0.878f,-0.8699f,0.5252f,-0.7545f,-0.3934f,-0.3201f,0f,0f,0f,1f],start_interpolation: 0,interpolation_duration: 1}
$data merge entity $(bone_upper) {transformation: [0.9693f,0.2112f,0.1259f,0.131f,-0.184f,0.2839f,0.941f,-1.0505f,0.163f,-0.9353f,0.314f,0.2886f,0f,0f,0f,1f],start_interpolation: 0,interpolation_duration: 1}
data modify entity @s data merge value {"cameras":{},"locators":{"left_arm_grab":{"posx":0.40520773921201164,"posy":-0.6386333682658409,"posz":-0.49229337836563436,"roty":199.55024824771218,"rotx":55.46871496836976},"camera":{"posx":0.32155101014872217,"posy":-1.0724039840180728,"posz":-0.6773486409124508,"roty":158.1585105810731,"rotx":70.22678294832302}}}