# This file was generated by Animated Java via MC-Build. It is not recommended to edit this file directly.
$data merge entity $(bone_head) {transformation: [-0.9865f,-0.1625f,-0.0218f,-0.1525f,-0.1639f,0.975f,0.15f,-0.8986f,-0.0032f,0.1516f,-0.9884f,0.17f,0f,0f,0f,1f],start_interpolation: 0,interpolation_duration: 1}
$data merge entity $(bone_knife) {transformation: [-0.9743f,-0.15f,0.1682f,-0.5237f,-0.1123f,0.9703f,0.2143f,-2.158f,-0.1953f,0.1899f,-0.9622f,-0.1333f,0f,0f,0f,1f],start_interpolation: 0,interpolation_duration: 1}
$data merge entity $(bone_right_arm) {transformation: [-0.9743f,-0.15f,0.1682f,-0.5185f,-0.1123f,0.9703f,0.2143f,-0.9477f,-0.1953f,0.1899f,-0.9622f,0.1047f,0f,0f,0f,1f],start_interpolation: 0,interpolation_duration: 1}
$data merge entity $(bone_left_arm) {transformation: [-0.9295f,0.3037f,-0.2093f,0.6313f,-0.3343f,-0.4541f,0.8258f,-1.2941f,0.1557f,0.8376f,0.5236f,0.6507f,0f,0f,0f,1f],start_interpolation: 0,interpolation_duration: 1}
$data merge entity $(bone_torso) {transformation: [-0.976f,-0.1415f,0.1656f,0f,-0.1309f,0.9887f,0.0729f,-1.9646f,-0.174f,0.0494f,-0.9835f,0.1167f,0f,0f,0f,1f],start_interpolation: 0,interpolation_duration: 1}
$data merge entity $(bone_left_leg) {transformation: [-1f,0f,0f,0.2344f,0f,0.9942f,0.1074f,-2.0583f,0f,0.1074f,-0.9942f,0.0958f,0f,0f,0f,1f],start_interpolation: 0,interpolation_duration: 1}
$data merge entity $(bone_right_leg_hazmat) {transformation: [0.9589f,0.2398f,0.1519f,0.3351f,-0.2826f,0.8566f,0.4317f,-1.0075f,-0.0266f,-0.4569f,0.8891f,0.3714f,0f,0f,0f,1f],start_interpolation: 0,interpolation_duration: 1}
$data merge entity $(bone_left_leg_hazmat) {transformation: [0.9855f,0.1668f,-0.0297f,0.0144f,-0.1257f,0.8377f,0.5315f,-1.0174f,0.1135f,-0.52f,0.8466f,0.2479f,0f,0f,0f,1f],start_interpolation: 0,interpolation_duration: 1}
$data merge entity $(bone_right_arm_hazmat) {transformation: [-0.2913f,0.713f,0.6378f,0.6679f,0.2696f,0.7009f,-0.6604f,-0.909f,-0.9179f,-0.0205f,-0.3964f,-0.289f,0f,0f,0f,1f],start_interpolation: 0,interpolation_duration: 1}
$data merge entity $(bone_left_arm_hazmat) {transformation: [0.9274f,0.3275f,0.1806f,-0.0894f,-0.2474f,0.8993f,-0.3605f,-0.7652f,-0.2805f,0.2897f,0.9151f,-0.4164f,0f,0f,0f,1f],start_interpolation: 0,interpolation_duration: 1}
$data merge entity $(bone_helmet) {transformation: [0.8527f,0.4446f,0.2744f,0.2979f,-0.02f,-0.4971f,0.8675f,-0.8482f,0.5221f,-0.7452f,-0.4149f,-0.3207f,0f,0f,0f,1f],start_interpolation: 0,interpolation_duration: 1}
$data merge entity $(bone_upper) {transformation: [0.9693f,0.2081f,0.1309f,0.131f,-0.184f,0.2612f,0.9476f,-1.0138f,0.163f,-0.9426f,0.2915f,0.2928f,0f,0f,0f,1f],start_interpolation: 0,interpolation_duration: 1}
data modify entity @s data merge value {"cameras":{},"locators":{"left_arm_grab":{"posx":0.41792940093458597,"posy":-0.6085661826107729,"posz":-0.5157354585135482,"roty":201.78514649624,"rotx":55.673365839705475},"camera":{"posx":0.31715317956082417,"posy":-1.0589875934205721,"posz":-0.6732333167822832,"roty":155.8170471345195,"rotx":71.36610069158665}}}