# This file was generated by Animated Java via MC-Build. It is not recommended to edit this file directly.
$data merge entity $(bone_head) {transformation: [-0.9839f,-0.1783f,-0.0094f,-0.1684f,-0.1784f,0.9786f,0.1026f,-0.8877f,-0.0091f,0.1027f,-0.9947f,0.1776f,0f,0f,0f,1f],start_interpolation: 0,interpolation_duration: 1}
$data merge entity $(bone_knife) {transformation: [-0.9715f,-0.1652f,0.1701f,-0.5195f,-0.1258f,0.9672f,0.2207f,-2.1511f,-0.201f,0.193f,-0.9604f,-0.1327f,0f,0f,0f,1f],start_interpolation: 0,interpolation_duration: 1}
$data merge entity $(bone_right_arm) {transformation: [-0.9715f,-0.1652f,0.1701f,-0.5333f,-0.1258f,0.9672f,0.2207f,-0.9419f,-0.201f,0.193f,-0.9604f,0.1102f,0f,0f,0f,1f],start_interpolation: 0,interpolation_duration: 1}
$data merge entity $(bone_left_arm) {transformation: [-0.9253f,0.3024f,-0.2288f,0.6432f,-0.3485f,-0.4404f,0.8274f,-1.2478f,0.1494f,0.8453f,0.513f,0.6371f,0f,0f,0f,1f],start_interpolation: 0,interpolation_duration: 1}
$data merge entity $(bone_torso) {transformation: [-0.973f,-0.1562f,0.1697f,0f,-0.1445f,0.9863f,0.0793f,-1.951f,-0.1797f,0.0526f,-0.9823f,0.1208f,0f,0f,0f,1f],start_interpolation: 0,interpolation_duration: 1}
$data merge entity $(bone_left_leg) {transformation: [-1f,0f,0f,0.2344f,0f,0.9986f,0.0538f,-2.0292f,0f,0.0538f,-0.9986f,0.0948f,0f,0f,0f,1f],start_interpolation: 0,interpolation_duration: 1}
$data merge entity $(bone_right_leg_hazmat) {transformation: [0.9589f,0.2398f,0.1519f,0.3351f,-0.2826f,0.8566f,0.4317f,-0.9709f,-0.0266f,-0.4569f,0.8891f,0.3755f,0f,0f,0f,1f],start_interpolation: 0,interpolation_duration: 1}
$data merge entity $(bone_left_leg_hazmat) {transformation: [0.9855f,0.1668f,-0.0297f,0.0144f,-0.1257f,0.8377f,0.5315f,-0.9808f,0.1135f,-0.52f,0.8466f,0.2521f,0f,0f,0f,1f],start_interpolation: 0,interpolation_duration: 1}
$data merge entity $(bone_right_arm_hazmat) {transformation: [-0.2944f,0.7156f,0.6335f,0.6657f,0.2493f,0.6974f,-0.6719f,-0.8881f,-0.9226f,-0.0399f,-0.3837f,-0.2895f,0f,0f,0f,1f],start_interpolation: 0,interpolation_duration: 1}
$data merge entity $(bone_left_arm_hazmat) {transformation: [0.9252f,0.3323f,0.1833f,-0.0916f,-0.2575f,0.9045f,-0.3399f,-0.7443f,-0.2787f,0.2673f,0.9224f,-0.4168f,0f,0f,0f,1f],start_interpolation: 0,interpolation_duration: 1}
$data merge entity $(bone_helmet) {transformation: [0.8549f,0.4393f,0.2759f,0.2958f,-0.0112f,-0.516f,0.8565f,-0.8265f,0.5186f,-0.7354f,-0.4362f,-0.3209f,0f,0f,0f,1f],start_interpolation: 0,interpolation_duration: 1}
$data merge entity $(bone_upper) {transformation: [0.9693f,0.2049f,0.1358f,0.131f,-0.184f,0.2384f,0.9536f,-0.9772f,0.163f,-0.9493f,0.2688f,0.297f,0f,0f,0f,1f],start_interpolation: 0,interpolation_duration: 1}
data modify entity @s data merge value {"cameras":{},"locators":{"left_arm_grab":{"posx":0.4306498333539934,"posy":-0.5777241122856547,"posz":-0.5385131488555635,"roty":204.0405081560289,"rotx":55.82845140631297},"camera":{"posx":0.31266560578197494,"posy":-1.0455485116726035,"posz":-0.6685587360252021,"roty":153.1866300769422,"rotx":72.47284961668754}}}