# This file was generated by Animated Java via MC-Build. It is not recommended to edit this file directly.
$data merge entity $(bone_head) {transformation: [-0.9848f,0.1378f,-0.1057f,0f,-0.002f,0.5996f,0.8003f,-0.857f,0.1736f,0.7883f,-0.5902f,-0.0033f,0f,0f,0f,1f],start_interpolation: 0,interpolation_duration: 1}
$data merge entity $(bone_knife) {transformation: [-0.9311f,-0.2439f,-0.2712f,-0.2438f,-0.0883f,0.8721f,-0.4812f,-1.9215f,0.3539f,-0.4241f,-0.8336f,0.606f,0f,0f,0f,1f],start_interpolation: 0,interpolation_duration: 1}
$data merge entity $(bone_right_arm) {transformation: [-0.9311f,-0.2439f,-0.2712f,-0.375f,-0.0883f,0.8721f,-0.4812f,-0.857f,0.3539f,-0.4241f,-0.8336f,-0.0033f,0f,0f,0f,1f],start_interpolation: 0,interpolation_duration: 1}
$data merge entity $(bone_left_arm) {transformation: [-1f,0f,0f,0.375f,0f,0.7153f,-0.6988f,-0.857f,0f,-0.6988f,-0.7153f,-0.0033f,0f,0f,0f,1f],start_interpolation: 0,interpolation_duration: 1}
$data merge entity $(bone_torso) {transformation: [-1f,0f,0f,0f,0f,0.9929f,-0.119f,-1.9275f,0f,-0.119f,-0.9929f,0.125f,0f,0f,0f,1f],start_interpolation: 0,interpolation_duration: 1}
$data merge entity $(bone_right_leg_hazmat) {transformation: [-1f,0.0045f,-0.0053f,-0.2188f,0.0066f,0.8459f,-0.5333f,-2.3125f,0.0021f,-0.5333f,-0.8459f,1.0625f,0f,0f,0f,1f],start_interpolation: 0,interpolation_duration: 1}
$data merge entity $(bone_left_leg_hazmat) {transformation: [-0.999f,-0.0424f,-0.0102f,0.125f,-0.0378f,0.958f,-0.2842f,-2.3125f,0.0218f,-0.2836f,-0.9587f,1.0625f,0f,0f,0f,1f],start_interpolation: 0,interpolation_duration: 1}
$data merge entity $(bone_right_arm_hazmat) {transformation: [-0.999f,0.0387f,0.0201f,-0.4063f,0.0395f,0.9983f,0.0432f,-1.6894f,-0.0184f,0.044f,-0.9989f,0.7719f,0f,0f,0f,1f],start_interpolation: 0,interpolation_duration: 1}
$data merge entity $(bone_left_arm_hazmat) {transformation: [-0.999f,-0.0387f,-0.0201f,0.375f,-0.0395f,0.9983f,0.0432f,-1.6894f,0.0184f,0.044f,-0.9989f,0.7719f,0f,0f,0f,1f],start_interpolation: 0,interpolation_duration: 1}
$data merge entity $(bone_helmet) {transformation: [-1f,0f,0f,-0.0313f,0f,0.9962f,0.0872f,-1.7177f,0f,0.0872f,-0.9962f,0.7852f,0f,0f,0f,1f],start_interpolation: 0,interpolation_duration: 1}
data modify entity @s data merge value {"cameras":{},"locators":{"left_arm_grab":{"posx":0.5874999999999999,"posy":-1.8249052715855774,"posz":0.9423293558964123,"roty":0,"rotx":-44.333333333333336}}}