# This file was generated by Animated Java via MC-Build. It is not recommended to edit this file directly.
$data merge entity $(bone_head) {transformation: [-0.9811f,-0.1933f,0.0044f,-0.1844f,-0.1928f,0.9797f,0.0554f,-0.877f,-0.015f,0.0535f,-0.9985f,0.1852f,0f,0f,0f,1f],start_interpolation: 0,interpolation_duration: 1}
$data merge entity $(bone_knife) {transformation: [-0.9685f,-0.1804f,0.1719f,-0.5151f,-0.1393f,0.9639f,0.2271f,-2.1441f,-0.2066f,0.196f,-0.9586f,-0.1321f,0f,0f,0f,1f],start_interpolation: 0,interpolation_duration: 1}
$data merge entity $(bone_right_arm) {transformation: [-0.9685f,-0.1804f,0.1719f,-0.5481f,-0.1393f,0.9639f,0.2271f,-0.9362f,-0.2066f,0.196f,-0.9586f,0.1156f,0f,0f,0f,1f],start_interpolation: 0,interpolation_duration: 1}
$data merge entity $(bone_left_arm) {transformation: [-0.9208f,0.3007f,-0.2483f,0.6545f,-0.3627f,-0.4269f,0.8284f,-1.2008f,0.1431f,0.8529f,0.5021f,0.6238f,0f,0f,0f,1f],start_interpolation: 0,interpolation_duration: 1}
$data merge entity $(bone_torso) {transformation: [-0.9698f,-0.171f,0.1736f,0f,-0.1581f,0.9837f,0.0858f,-1.9375f,-0.1855f,0.0558f,-0.9811f,0.125f,0f,0f,0f,1f],start_interpolation: 0,interpolation_duration: 1}
$data merge entity $(bone_left_leg) {transformation: [-1f,0f,0f,0.2344f,0f,1f,0f,-2f,0f,0f,-1f,0.0938f,0f,0f,0f,1f],start_interpolation: 0,interpolation_duration: 1}
$data merge entity $(bone_right_leg_hazmat) {transformation: [0.9589f,0.2398f,0.1519f,0.3351f,-0.2826f,0.8566f,0.4317f,-0.9343f,-0.0266f,-0.4569f,0.8891f,0.3797f,0f,0f,0f,1f],start_interpolation: 0,interpolation_duration: 1}
$data merge entity $(bone_left_leg_hazmat) {transformation: [0.9855f,0.1668f,-0.0297f,0.0144f,-0.1257f,0.8377f,0.5315f,-0.9442f,0.1135f,-0.52f,0.8466f,0.2562f,0f,0f,0f,1f],start_interpolation: 0,interpolation_duration: 1}
$data merge entity $(bone_right_arm_hazmat) {transformation: [-0.2975f,0.7181f,0.6291f,0.6634f,0.2289f,0.6934f,-0.6832f,-0.8672f,-0.9269f,-0.0592f,-0.3707f,-0.2895f,0f,0f,0f,1f],start_interpolation: 0,interpolation_duration: 1}
$data merge entity $(bone_left_arm_hazmat) {transformation: [0.9229f,0.3369f,0.1861f,-0.0939f,-0.2676f,0.9092f,-0.3191f,-0.7235f,-0.2767f,0.2447f,0.9293f,-0.4169f,0f,0f,0f,1f],start_interpolation: 0,interpolation_duration: 1}
$data merge entity $(bone_helmet) {transformation: [0.8572f,0.434f,0.2772f,0.2936f,-0.0026f,-0.5347f,0.845f,-0.805f,0.515f,-0.7251f,-0.4572f,-0.3208f,0f,0f,0f,1f],start_interpolation: 0,interpolation_duration: 1}
$data merge entity $(bone_upper) {transformation: [0.9693f,0.2016f,0.1407f,0.131f,-0.184f,0.2154f,0.959f,-0.9406f,0.163f,-0.9555f,0.2459f,0.3011f,0f,0f,0f,1f],start_interpolation: 0,interpolation_duration: 1}
data modify entity @s data merge value {"cameras":{},"locators":{"left_arm_grab":{"posx":0.44333849595014907,"posy":-0.5460985035812331,"posz":-0.5606200151330502,"roty":206.30999003716704,"rotx":55.93379570339632},"camera":{"posx":0.3080908731595565,"posy":-1.0320733862433606,"posz":-0.6633251911436846,"roty":150.2200311649501,"rotx":73.54045194092646}}}
execute on vehicle unless entity @s[tag=aj.transforms_only] at @s run function animated_java:the_butcher/animations/pick.up/zzz/frames/120_root_commands