# This file was generated by Animated Java via MC-Build. It is not recommended to edit this file directly.
$data merge entity $(bone_head) {transformation: [-0.9848f,0.1378f,-0.1057f,0f,-0.003f,0.595f,0.8037f,-0.8451f,0.1736f,0.7918f,-0.5856f,0.003f,0f,0f,0f,1f],start_interpolation: 0,interpolation_duration: 1}
$data merge entity $(bone_knife) {transformation: [-0.9311f,-0.2439f,-0.2712f,-0.2438f,-0.0904f,0.8746f,-0.4764f,-1.913f,0.3534f,-0.419f,-0.8364f,0.606f,0f,0f,0f,1f],start_interpolation: 0,interpolation_duration: 1}
$data merge entity $(bone_right_arm) {transformation: [-0.9311f,-0.2439f,-0.2712f,-0.375f,-0.0904f,0.8746f,-0.4764f,-0.8451f,0.3534f,-0.419f,-0.8364f,0.003f,0f,0f,0f,1f],start_interpolation: 0,interpolation_duration: 1}
$data merge entity $(bone_left_arm) {transformation: [-1f,0f,0f,0.375f,0f,0.7193f,-0.6947f,-0.8451f,0f,-0.6947f,-0.7193f,0.003f,0f,0f,0f,1f],start_interpolation: 0,interpolation_duration: 1}
$data merge entity $(bone_torso) {transformation: [-1f,0f,0f,0f,0f,0.9936f,-0.1132f,-1.9162f,0f,-0.1132f,-0.9936f,0.125f,0f,0f,0f,1f],start_interpolation: 0,interpolation_duration: 1}
$data merge entity $(bone_right_leg_hazmat) {transformation: [-1f,0.0012f,-0.0056f,-0.2188f,0.004f,0.8442f,-0.5361f,-2.3125f,0.0041f,-0.5361f,-0.8442f,1.0625f,0f,0f,0f,1f],start_interpolation: 0,interpolation_duration: 1}
$data merge entity $(bone_left_leg_hazmat) {transformation: [-0.999f,-0.0422f,-0.011f,0.125f,-0.0378f,0.9634f,-0.2653f,-2.3125f,0.0218f,-0.2647f,-0.9641f,1.0625f,0f,0f,0f,1f],start_interpolation: 0,interpolation_duration: 1}
$data merge entity $(bone_helmet) {transformation: [-1f,0f,0f,-0.0313f,0f,0.973f,-0.2306f,-1.7177f,0f,-0.2306f,-0.973f,0.7852f,0f,0f,0f,1f],start_interpolation: 0,interpolation_duration: 1}
data modify entity @s data merge value {"cameras":{},"locators":{"left_arm_grab":{"posx":0.5874999999999999,"posy":-1.8184120104319164,"posz":0.9429123926838061,"roty":0,"rotx":-44.000000000000014}}}