# This file was generated by Animated Java via MC-Build. It is not recommended to edit this file directly.
$data merge entity $(bone_head) {transformation: [-0.9848f,0.1378f,-0.1057f,0f,-0.004f,0.5904f,0.8071f,-0.8369f,0.1736f,0.7953f,-0.5809f,0.0092f,0f,0f,0f,1f],start_interpolation: 0,interpolation_duration: 1}
$data merge entity $(bone_knife) {transformation: [-0.9311f,-0.2439f,-0.2712f,-0.2438f,-0.0924f,0.877f,-0.4715f,-1.9083f,0.3528f,-0.4139f,-0.8391f,0.6061f,0f,0f,0f,1f],start_interpolation: 0,interpolation_duration: 1}
$data merge entity $(bone_right_arm) {transformation: [-0.9311f,-0.2439f,-0.2712f,-0.375f,-0.0924f,0.877f,-0.4715f,-0.8369f,0.3528f,-0.4139f,-0.8391f,0.0092f,0f,0f,0f,1f],start_interpolation: 0,interpolation_duration: 1}
$data merge entity $(bone_left_arm) {transformation: [-1f,0f,0f,0.375f,0f,0.7234f,-0.6905f,-0.8369f,0f,-0.6905f,-0.7234f,0.0092f,0f,0f,0f,1f],start_interpolation: 0,interpolation_duration: 1}
$data merge entity $(bone_torso) {transformation: [-1f,0f,0f,0f,0f,0.9942f,-0.1074f,-1.9087f,0f,-0.1074f,-0.9942f,0.125f,0f,0f,0f,1f],start_interpolation: 0,interpolation_duration: 1}
$data merge entity $(bone_right_leg_hazmat) {transformation: [-1f,-0.0021f,-0.0059f,-0.2188f,0.0014f,0.8424f,-0.5388f,-2.3125f,0.0061f,-0.5388f,-0.8424f,1.0625f,0f,0f,0f,1f],start_interpolation: 0,interpolation_duration: 1}
$data merge entity $(bone_left_leg_hazmat) {transformation: [-0.999f,-0.042f,-0.0118f,0.125f,-0.0378f,0.9684f,-0.2464f,-2.3125f,0.0218f,-0.2457f,-0.9691f,1.0625f,0f,0f,0f,1f],start_interpolation: 0,interpolation_duration: 1}
$data merge entity $(bone_helmet) {transformation: [-1f,0f,0f,-0.0313f,0f,0.8511f,-0.525f,-1.7177f,0f,-0.525f,-0.8511f,0.7852f,0f,0f,0f,1f],start_interpolation: 0,interpolation_duration: 1}
data modify entity @s data merge value {"cameras":{},"locators":{"left_arm_grab":{"posx":0.5874999999999999,"posy":-1.8156720607306864,"posz":0.9434677461756519,"roty":0,"rotx":-43.66666666666667}}}