# This file was generated by Animated Java via MC-Build. It is not recommended to edit this file directly.
$data merge entity $(bone_head) {transformation: [-0.9848f,0.1378f,-0.1057f,0f,-0.0051f,0.5858f,0.8105f,-0.8337f,0.1736f,0.7987f,-0.5762f,0.0154f,0f,0f,0f,1f],start_interpolation: 0,interpolation_duration: 1}
$data merge entity $(bone_knife) {transformation: [-0.9311f,-0.2439f,-0.2712f,-0.2438f,-0.0945f,0.8794f,-0.4666f,-1.9086f,0.3523f,-0.4088f,-0.8419f,0.6061f,0f,0f,0f,1f],start_interpolation: 0,interpolation_duration: 1}
$data merge entity $(bone_right_arm) {transformation: [-0.9311f,-0.2439f,-0.2712f,-0.375f,-0.0945f,0.8794f,-0.4666f,-0.8337f,0.3523f,-0.4088f,-0.8419f,0.0154f,0f,0f,0f,1f],start_interpolation: 0,interpolation_duration: 1}
$data merge entity $(bone_left_arm) {transformation: [-1f,0f,0f,0.375f,0f,0.7274f,-0.6862f,-0.8337f,0f,-0.6862f,-0.7274f,0.0154f,0f,0f,0f,1f],start_interpolation: 0,interpolation_duration: 1}
$data merge entity $(bone_torso) {transformation: [-1f,0f,0f,0f,0f,0.9948f,-0.1016f,-1.9062f,0f,-0.1016f,-0.9948f,0.125f,0f,0f,0f,1f],start_interpolation: 0,interpolation_duration: 1}
$data merge entity $(bone_right_leg_hazmat) {transformation: [-1f,-0.0053f,-0.0061f,-0.2188f,-0.0012f,0.8407f,-0.5416f,-2.3125f,0.0081f,-0.5415f,-0.8406f,1.0625f,0f,0f,0f,1f],start_interpolation: 0,interpolation_duration: 1}
$data merge entity $(bone_left_leg_hazmat) {transformation: [-0.999f,-0.0417f,-0.0127f,0.125f,-0.0378f,0.9731f,-0.2273f,-2.3125f,0.0218f,-0.2266f,-0.9737f,1.0625f,0f,0f,0f,1f],start_interpolation: 0,interpolation_duration: 1}
$data merge entity $(bone_helmet) {transformation: [-1f,0f,0f,-0.0313f,0f,0.6428f,-0.766f,-1.7177f,0f,-0.766f,-0.6428f,0.7852f,0f,0f,0f,1f],start_interpolation: 0,interpolation_duration: 1}
data modify entity @s data merge value {"cameras":{},"locators":{"left_arm_grab":{"posx":0.5874999999999999,"posy":-1.8179352613718707,"posz":0.9439953975752968,"roty":0,"rotx":-43.33333333333334}}}