# This file was generated by Animated Java via MC-Build. It is not recommended to edit this file directly.
$data merge entity $(bone_head) {transformation: [-0.9848f,0.1378f,-0.1057f,0f,-0.0061f,0.5811f,0.8138f,-0.8341f,0.1735f,0.8021f,-0.5715f,0.0217f,0f,0f,0f,1f],start_interpolation: 0,interpolation_duration: 1}
$data merge entity $(bone_knife) {transformation: [-0.9311f,-0.2439f,-0.2712f,-0.2438f,-0.0965f,0.8818f,-0.4617f,-1.9124f,0.3517f,-0.4037f,-0.8446f,0.606f,0f,0f,0f,1f],start_interpolation: 0,interpolation_duration: 1}
$data merge entity $(bone_right_arm) {transformation: [-0.9311f,-0.2439f,-0.2712f,-0.375f,-0.0965f,0.8818f,-0.4617f,-0.8341f,0.3517f,-0.4037f,-0.8446f,0.0217f,0f,0f,0f,1f],start_interpolation: 0,interpolation_duration: 1}
$data merge entity $(bone_left_arm) {transformation: [-1f,0f,0f,0.375f,0f,0.7314f,-0.682f,-0.8341f,0f,-0.682f,-0.7314f,0.0217f,0f,0f,0f,1f],start_interpolation: 0,interpolation_duration: 1}
$data merge entity $(bone_torso) {transformation: [-1f,0f,0f,0f,0f,0.9954f,-0.0958f,-1.9072f,0f,-0.0958f,-0.9954f,0.125f,0f,0f,0f,1f],start_interpolation: 0,interpolation_duration: 1}
$data merge entity $(bone_right_leg_hazmat) {transformation: [-0.9999f,-0.0086f,-0.0064f,-0.2188f,-0.0038f,0.8389f,-0.5443f,-2.3125f,0.01f,-0.5442f,-0.8389f,1.0625f,0f,0f,0f,1f],start_interpolation: 0,interpolation_duration: 1}
$data merge entity $(bone_left_leg_hazmat) {transformation: [-0.999f,-0.0415f,-0.0135f,0.125f,-0.0378f,0.9774f,-0.2082f,-2.3125f,0.0218f,-0.2075f,-0.978f,1.0625f,0f,0f,0f,1f],start_interpolation: 0,interpolation_duration: 1}
$data merge entity $(bone_helmet) {transformation: [-1f,0f,0f,-0.0313f,0f,0.6915f,-0.7224f,-1.7177f,0f,-0.7224f,-0.6915f,0.7852f,0f,0f,0f,1f],start_interpolation: 0,interpolation_duration: 1}
data modify entity @s data merge value {"cameras":{},"locators":{"left_arm_grab":{"posx":0.5874999999999999,"posy":-1.8237014511388254,"posz":0.9444953290237017,"roty":0,"rotx":-43}}}