# This file was generated by Animated Java via MC-Build. It is not recommended to edit this file directly.
$data merge entity $(bone_head) {transformation: [-0.9848f,0.1378f,-0.1057f,0f,-0.0071f,0.5764f,0.8171f,-0.8405f,0.1735f,0.8054f,-0.5667f,0.0279f,0f,0f,0f,1f],start_interpolation: 0,interpolation_duration: 1}
$data merge entity $(bone_knife) {transformation: [-0.9311f,-0.2439f,-0.2712f,-0.2438f,-0.0986f,0.8841f,-0.4568f,-1.9222f,0.3512f,-0.3986f,-0.8472f,0.606f,0f,0f,0f,1f],start_interpolation: 0,interpolation_duration: 1}
$data merge entity $(bone_right_arm) {transformation: [-0.9311f,-0.2439f,-0.2712f,-0.375f,-0.0986f,0.8841f,-0.4568f,-0.8405f,0.3512f,-0.3986f,-0.8472f,0.0279f,0f,0f,0f,1f],start_interpolation: 0,interpolation_duration: 1}
$data merge entity $(bone_left_arm) {transformation: [-1f,0f,0f,0.375f,0f,0.7353f,-0.6777f,-0.8405f,0f,-0.6777f,-0.7353f,0.0279f,0f,0f,0f,1f],start_interpolation: 0,interpolation_duration: 1}
$data merge entity $(bone_torso) {transformation: [-1f,0f,0f,0f,0f,0.9959f,-0.0901f,-1.9142f,0f,-0.0901f,-0.9959f,0.125f,0f,0f,0f,1f],start_interpolation: 0,interpolation_duration: 1}
$data merge entity $(bone_right_leg_hazmat) {transformation: [-0.9999f,-0.0119f,-0.0066f,-0.2188f,-0.0064f,0.8371f,-0.547f,-2.3125f,0.012f,-0.547f,-0.8371f,1.0625f,0f,0f,0f,1f],start_interpolation: 0,interpolation_duration: 1}
$data merge entity $(bone_left_leg_hazmat) {transformation: [-0.999f,-0.0412f,-0.0143f,0.125f,-0.0378f,0.9813f,-0.1889f,-2.3125f,0.0218f,-0.1882f,-0.9819f,1.0625f,0f,0f,0f,1f],start_interpolation: 0,interpolation_duration: 1}
$data merge entity $(bone_helmet) {transformation: [-1f,0f,0f,-0.0313f,0f,0.7373f,-0.6756f,-1.7177f,0f,-0.6756f,-0.7373f,0.7852f,0f,0f,0f,1f],start_interpolation: 0,interpolation_duration: 1}
data modify entity @s data merge value {"cameras":{},"locators":{"left_arm_grab":{"posx":0.5874999999999999,"posy":-1.8354704687137353,"posz":0.9449675236000448,"roty":0,"rotx":-42.66666666666667}}}