# This file was generated by Animated Java via MC-Build. It is not recommended to edit this file directly.
$data merge entity $(bone_head) {transformation: [-0.9848f,0.1378f,-0.1057f,0f,-0.0081f,0.5718f,0.8204f,-0.8552f,0.1735f,0.8088f,-0.562f,0.0342f,0f,0f,0f,1f],start_interpolation: 0,interpolation_duration: 1}
$data merge entity $(bone_knife) {transformation: [-0.9311f,-0.2439f,-0.2712f,-0.2438f,-0.1006f,0.8864f,-0.4518f,-1.9403f,0.3506f,-0.3934f,-0.8499f,0.6059f,0f,0f,0f,1f],start_interpolation: 0,interpolation_duration: 1}
$data merge entity $(bone_right_arm) {transformation: [-0.9311f,-0.2439f,-0.2712f,-0.375f,-0.1006f,0.8864f,-0.4518f,-0.8552f,0.3506f,-0.3934f,-0.8499f,0.0342f,0f,0f,0f,1f],start_interpolation: 0,interpolation_duration: 1}
$data merge entity $(bone_left_arm) {transformation: [-1f,0f,0f,0.375f,0f,0.7392f,-0.6734f,-0.8552f,0f,-0.6734f,-0.7392f,0.0342f,0f,0f,0f,1f],start_interpolation: 0,interpolation_duration: 1}
$data merge entity $(bone_torso) {transformation: [-1f,0f,0f,0f,0f,0.9964f,-0.0843f,-1.9295f,0f,-0.0843f,-0.9964f,0.125f,0f,0f,0f,1f],start_interpolation: 0,interpolation_duration: 1}
$data merge entity $(bone_right_leg_hazmat) {transformation: [-0.9999f,-0.0152f,-0.0068f,-0.2188f,-0.009f,0.8353f,-0.5498f,-2.3125f,0.014f,-0.5496f,-0.8353f,1.0625f,0f,0f,0f,1f],start_interpolation: 0,interpolation_duration: 1}
$data merge entity $(bone_left_leg_hazmat) {transformation: [-0.999f,-0.0409f,-0.0151f,0.125f,-0.0378f,0.9848f,-0.1696f,-2.3125f,0.0218f,-0.1689f,-0.9854f,1.0625f,0f,0f,0f,1f],start_interpolation: 0,interpolation_duration: 1}
$data merge entity $(bone_helmet) {transformation: [-1f,0f,0f,-0.0313f,0f,0.6756f,-0.7373f,-1.7177f,0f,-0.7373f,-0.6756f,0.7852f,0f,0f,0f,1f],start_interpolation: 0,interpolation_duration: 1}
data modify entity @s data merge value {"cameras":{},"locators":{"left_arm_grab":{"posx":0.5874999999999999,"posy":-1.8554921526830748,"posz":0.9454119653222934,"roty":0,"rotx":-42.33333333333334}}}