# This file was generated by Animated Java via MC-Build. It is not recommended to edit this file directly.
$data merge entity $(bone_head) {transformation: [-0.9848f,0.1378f,-0.1057f,0f,-0.0091f,0.567f,0.8236f,-0.8617f,0.1734f,0.8121f,-0.5572f,0.0404f,0f,0f,0f,1f],start_interpolation: 0,interpolation_duration: 1}
$data merge entity $(bone_knife) {transformation: [-0.9311f,-0.2439f,-0.2712f,-0.2438f,-0.1026f,0.8887f,-0.4469f,-1.9501f,0.35f,-0.3883f,-0.8525f,0.6059f,0f,0f,0f,1f],start_interpolation: 0,interpolation_duration: 1}
$data merge entity $(bone_right_arm) {transformation: [-0.9311f,-0.2439f,-0.2712f,-0.375f,-0.1026f,0.8887f,-0.4469f,-0.8617f,0.35f,-0.3883f,-0.8525f,0.0404f,0f,0f,0f,1f],start_interpolation: 0,interpolation_duration: 1}
$data merge entity $(bone_left_arm) {transformation: [-1f,0f,0f,0.375f,0f,0.7431f,-0.6691f,-0.8617f,0f,-0.6691f,-0.7431f,0.0404f,0f,0f,0f,1f],start_interpolation: 0,interpolation_duration: 1}
$data merge entity $(bone_torso) {transformation: [-1f,0f,0f,0f,0f,0.9969f,-0.0785f,-1.9365f,0f,-0.0785f,-0.9969f,0.125f,0f,0f,0f,1f],start_interpolation: 0,interpolation_duration: 1}
$data merge entity $(bone_right_leg_hazmat) {transformation: [-0.9998f,-0.0185f,-0.007f,-0.2188f,-0.0116f,0.8334f,-0.5525f,-2.3125f,0.016f,-0.5523f,-0.8335f,1.0625f,0f,0f,0f,1f],start_interpolation: 0,interpolation_duration: 1}
$data merge entity $(bone_left_leg_hazmat) {transformation: [-0.999f,-0.0406f,-0.0159f,0.125f,-0.0378f,0.9879f,-0.1503f,-2.3125f,0.0218f,-0.1495f,-0.9885f,1.0625f,0f,0f,0f,1f],start_interpolation: 0,interpolation_duration: 1}
$data merge entity $(bone_helmet) {transformation: [-1f,0f,0f,-0.0313f,0f,0.6088f,-0.7934f,-1.7177f,0f,-0.7934f,-0.6088f,0.7852f,0f,0f,0f,1f],start_interpolation: 0,interpolation_duration: 1}
data modify entity @s data merge value {"cameras":{},"locators":{"left_arm_grab":{"posx":0.5874999999999999,"posy":-1.8672663415430706,"posz":0.9458286391477471,"roty":0,"rotx":-42}}}