# This file was generated by Animated Java via MC-Build. It is not recommended to edit this file directly.
$data merge entity $(bone_head) {transformation: [-0.9984f,0.0214f,-0.0531f,0.0054f,-0.0202f,0.7367f,0.6759f,-0.8541f,0.0536f,0.6758f,-0.7351f,0.1745f,0f,0f,0f,1f],start_interpolation: 0,interpolation_duration: 1}
$data merge entity $(bone_knife) {transformation: [-0.993f,-0.0308f,0.1143f,-0.5192f,0.0104f,0.9392f,0.3433f,-2.0036f,-0.118f,0.3421f,-0.9322f,-0.2796f,0f,0f,0f,1f],start_interpolation: 0,interpolation_duration: 1}
$data merge entity $(bone_right_arm) {transformation: [-0.993f,-0.0308f,0.1143f,-0.367f,0.0104f,0.9392f,0.3433f,-0.8502f,-0.118f,0.3421f,-0.9322f,0.1303f,0f,0f,0f,1f],start_interpolation: 0,interpolation_duration: 1}
$data merge entity $(bone_left_arm) {transformation: [-0.993f,0.0254f,0.1156f,0.3777f,0.0104f,0.9916f,-0.1291f,-0.858f,-0.118f,-0.127f,-0.9849f,0.2188f,0f,0f,0f,1f],start_interpolation: 0,interpolation_duration: 1}
$data merge entity $(bone_torso) {transformation: [-0.993f,0.005f,0.1183f,0f,0.0104f,0.9989f,0.045f,-1.9311f,-0.118f,0.0459f,-0.992f,0.125f,0f,0f,0f,1f],start_interpolation: 0,interpolation_duration: 1}
$data merge entity $(bone_right_leg) {transformation: [-1f,0f,0f,-0.2344f,0f,0.9744f,0.225f,-1.9296f,0f,0.225f,-0.9744f,0.0937f,0f,0f,0f,1f],start_interpolation: 0,interpolation_duration: 1}
$data merge entity $(bone_left_leg) {transformation: [-1f,0f,0f,0.2344f,0f,0.9775f,-0.211f,-2.0312f,0f,-0.211f,-0.9775f,0.125f,0f,0f,0f,1f],start_interpolation: 0,interpolation_duration: 1}
$data merge entity $(bone_right_leg_hazmat) {transformation: [-0.9993f,0.0371f,-0.0011f,-0.2188f,0.0371f,0.9993f,-0.0065f,-2.3125f,0.0009f,-0.0065f,-1f,1.0625f,0f,0f,0f,1f],start_interpolation: 0,interpolation_duration: 1}
$data merge entity $(bone_left_leg_hazmat) {transformation: [-0.999f,-0.0436f,-0.0017f,0.125f,-0.0436f,0.9983f,0.0392f,-2.3125f,0f,0.0393f,-0.9992f,1.0625f,0f,0f,0f,1f],start_interpolation: 0,interpolation_duration: 1}
$data merge entity $(bone_right_arm_hazmat) {transformation: [-0.9925f,0.1218f,-0.0043f,-0.4063f,0.1219f,0.9919f,-0.0346f,-1.625f,0f,-0.0349f,-0.9994f,1.0625f,0f,0f,0f,1f],start_interpolation: 0,interpolation_duration: 1}
$data merge entity $(bone_left_arm_hazmat) {transformation: [-0.9925f,-0.1218f,0.0043f,0.375f,-0.1219f,0.9919f,-0.0346f,-1.625f,0f,-0.0349f,-0.9994f,1.0625f,0f,0f,0f,1f],start_interpolation: 0,interpolation_duration: 1}
$data merge entity $(bone_helmet) {transformation: [-1f,0f,0f,-0.0313f,0f,0.8972f,0.4416f,-1.6562f,0f,0.4416f,-0.8972f,1.0625f,0f,0f,0f,1f],start_interpolation: 0,interpolation_duration: 1}
data modify entity @s data merge value {"cameras":{},"locators":{"left_arm_grab":{"posx":0.5543027758439786,"posy":-2.2019498243976194,"posz":0.4156821398271443,"roty":6.696817489208286,"rotx":-7.418040157673327}}}