# This file was generated by Animated Java via MC-Build. It is not recommended to edit this file directly.
$data merge entity $(bone_head) {transformation: [-0.9848f,0.1378f,-0.1057f,0f,-0.0101f,0.5623f,0.8269f,-0.8622f,0.1734f,0.8154f,-0.5524f,0.0467f,0f,0f,0f,1f],start_interpolation: 0,interpolation_duration: 1}
$data merge entity $(bone_knife) {transformation: [-0.9311f,-0.2439f,-0.2712f,-0.2438f,-0.1047f,0.8909f,-0.4419f,-1.9539f,0.3494f,-0.3831f,-0.8551f,0.6058f,0f,0f,0f,1f],start_interpolation: 0,interpolation_duration: 1}
$data merge entity $(bone_right_arm) {transformation: [-0.9311f,-0.2439f,-0.2712f,-0.375f,-0.1047f,0.8909f,-0.4419f,-0.8622f,0.3494f,-0.3831f,-0.8551f,0.0467f,0f,0f,0f,1f],start_interpolation: 0,interpolation_duration: 1}
$data merge entity $(bone_left_arm) {transformation: [-1f,0f,0f,0.375f,0f,0.747f,-0.6648f,-0.8622f,0f,-0.6648f,-0.747f,0.0467f,0f,0f,0f,1f],start_interpolation: 0,interpolation_duration: 1}
$data merge entity $(bone_torso) {transformation: [-1f,0f,0f,0f,0f,0.9974f,-0.0727f,-1.9375f,0f,-0.0727f,-0.9974f,0.125f,0f,0f,0f,1f],start_interpolation: 0,interpolation_duration: 1}
$data merge entity $(bone_right_leg_hazmat) {transformation: [-0.9997f,-0.0218f,-0.0071f,-0.2188f,-0.0142f,0.8316f,-0.5552f,-2.3125f,0.018f,-0.555f,-0.8317f,1.0625f,0f,0f,0f,1f],start_interpolation: 0,interpolation_duration: 1}
$data merge entity $(bone_left_leg_hazmat) {transformation: [-0.999f,-0.0403f,-0.0167f,0.125f,-0.0378f,0.9907f,-0.1308f,-2.3125f,0.0218f,-0.1301f,-0.9913f,1.0625f,0f,0f,0f,1f],start_interpolation: 0,interpolation_duration: 1}
$data merge entity $(bone_helmet) {transformation: [-1f,0f,0f,-0.0313f,0f,0.5373f,-0.8434f,-1.7177f,0f,-0.8434f,-0.5373f,0.7852f,0f,0f,0f,1f],start_interpolation: 0,interpolation_duration: 1}
data modify entity @s data merge value {"cameras":{},"locators":{"left_arm_grab":{"posx":0.5874999999999999,"posy":-1.873042873705168,"posz":0.9462175309735451,"roty":0,"rotx":-41.66666666666667}}}