# This file was generated by Animated Java via MC-Build. It is not recommended to edit this file directly.
$data merge entity $(bone_head) {transformation: [-0.9848f,0.1378f,-0.1057f,0f,-0.0111f,0.5575f,0.8301f,-0.8618f,0.1733f,0.8186f,-0.5475f,0.0529f,0f,0f,0f,1f],start_interpolation: 0,interpolation_duration: 1}
$data merge entity $(bone_knife) {transformation: [-0.9311f,-0.2439f,-0.2712f,-0.2438f,-0.1067f,0.8931f,-0.4369f,-1.9567f,0.3488f,-0.3779f,-0.8576f,0.6057f,0f,0f,0f,1f],start_interpolation: 0,interpolation_duration: 1}
$data merge entity $(bone_right_arm) {transformation: [-0.9311f,-0.2439f,-0.2712f,-0.375f,-0.1067f,0.8931f,-0.4369f,-0.8618f,0.3488f,-0.3779f,-0.8576f,0.0529f,0f,0f,0f,1f],start_interpolation: 0,interpolation_duration: 1}
$data merge entity $(bone_left_arm) {transformation: [-1f,0f,0f,0.375f,0f,0.7509f,-0.6604f,-0.8618f,0f,-0.6604f,-0.7509f,0.0529f,0f,0f,0f,1f],start_interpolation: 0,interpolation_duration: 1}
$data merge entity $(bone_torso) {transformation: [-1f,0f,0f,0f,0f,0.9978f,-0.0669f,-1.9375f,0f,-0.0669f,-0.9978f,0.125f,0f,0f,0f,1f],start_interpolation: 0,interpolation_duration: 1}
$data merge entity $(bone_right_leg_hazmat) {transformation: [-0.9997f,-0.0251f,-0.0073f,-0.2188f,-0.0167f,0.8297f,-0.558f,-2.3125f,0.02f,-0.5576f,-0.8298f,1.0625f,0f,0f,0f,1f],start_interpolation: 0,interpolation_duration: 1}
$data merge entity $(bone_left_leg_hazmat) {transformation: [-0.999f,-0.04f,-0.0175f,0.125f,-0.0378f,0.9931f,-0.1114f,-2.3125f,0.0218f,-0.1106f,-0.9936f,1.0625f,0f,0f,0f,1f],start_interpolation: 0,interpolation_duration: 1}
data modify entity @s data merge value {"cameras":{},"locators":{"left_arm_grab":{"posx":0.5874999999999999,"posy":-1.8778215875015012,"posz":0.9465786276371437,"roty":0,"rotx":-41.333333333333336}}}