# This file was generated by Animated Java via MC-Build. It is not recommended to edit this file directly.
$data merge entity $(bone_head) {transformation: [-0.9848f,0.1378f,-0.1057f,0f,-0.0121f,0.5528f,0.8332f,-0.8614f,0.1732f,0.8219f,-0.5427f,0.0592f,0f,0f,0f,1f],start_interpolation: 0,interpolation_duration: 1}
$data merge entity $(bone_knife) {transformation: [-0.9311f,-0.2439f,-0.2712f,-0.2438f,-0.1087f,0.8953f,-0.4319f,-1.9595f,0.3482f,-0.3727f,-0.8602f,0.6056f,0f,0f,0f,1f],start_interpolation: 0,interpolation_duration: 1}
$data merge entity $(bone_right_arm) {transformation: [-0.9311f,-0.2439f,-0.2712f,-0.375f,-0.1087f,0.8953f,-0.4319f,-0.8614f,0.3482f,-0.3727f,-0.8602f,0.0592f,0f,0f,0f,1f],start_interpolation: 0,interpolation_duration: 1}
$data merge entity $(bone_left_arm) {transformation: [-1f,0f,0f,0.375f,0f,0.7547f,-0.6561f,-0.8614f,0f,-0.6561f,-0.7547f,0.0592f,0f,0f,0f,1f],start_interpolation: 0,interpolation_duration: 1}
$data merge entity $(bone_torso) {transformation: [-1f,0f,0f,0f,0f,0.9981f,-0.061f,-1.9375f,0f,-0.061f,-0.9981f,0.125f,0f,0f,0f,1f],start_interpolation: 0,interpolation_duration: 1}
$data merge entity $(bone_right_leg_hazmat) {transformation: [-0.9996f,-0.0283f,-0.0074f,-0.2188f,-0.0193f,0.8278f,-0.5607f,-2.3125f,0.022f,-0.5603f,-0.828f,1.0625f,0f,0f,0f,1f],start_interpolation: 0,interpolation_duration: 1}
$data merge entity $(bone_left_leg_hazmat) {transformation: [-0.999f,-0.0396f,-0.0183f,0.125f,-0.0378f,0.9951f,-0.0918f,-2.3125f,0.0218f,-0.0911f,-0.9956f,1.0625f,0f,0f,0f,1f],start_interpolation: 0,interpolation_duration: 1}
data modify entity @s data merge value {"cameras":{},"locators":{"left_arm_grab":{"posx":0.5874999999999999,"posy":-1.8826023211903629,"posz":0.9469119169167626,"roty":0,"rotx":-41.00000000000001}}}