# This file was generated by Animated Java via MC-Build. It is not recommended to edit this file directly.
$data merge entity $(bone_head) {transformation: [-0.9848f,0.1378f,-0.1057f,0f,-0.0131f,0.548f,0.8364f,-0.861f,0.1732f,0.8251f,-0.5379f,0.0654f,0f,0f,0f,1f],start_interpolation: 0,interpolation_duration: 1}
$data merge entity $(bone_knife) {transformation: [-0.9311f,-0.2439f,-0.2712f,-0.2438f,-0.1108f,0.8975f,-0.4269f,-1.9623f,0.3475f,-0.3675f,-0.8627f,0.6054f,0f,0f,0f,1f],start_interpolation: 0,interpolation_duration: 1}
$data merge entity $(bone_right_arm) {transformation: [-0.9311f,-0.2439f,-0.2712f,-0.375f,-0.1108f,0.8975f,-0.4269f,-0.861f,0.3475f,-0.3675f,-0.8627f,0.0654f,0f,0f,0f,1f],start_interpolation: 0,interpolation_duration: 1}
$data merge entity $(bone_left_arm) {transformation: [-1f,0f,0f,0.375f,0f,0.7585f,-0.6517f,-0.861f,0f,-0.6517f,-0.7585f,0.0654f,0f,0f,0f,1f],start_interpolation: 0,interpolation_duration: 1}
$data merge entity $(bone_torso) {transformation: [-1f,0f,0f,0f,0f,0.9985f,-0.0552f,-1.9375f,0f,-0.0552f,-0.9985f,0.125f,0f,0f,0f,1f],start_interpolation: 0,interpolation_duration: 1}
$data merge entity $(bone_right_leg_hazmat) {transformation: [-0.9995f,-0.0316f,-0.0075f,-0.2188f,-0.0219f,0.8259f,-0.5634f,-2.3125f,0.024f,-0.5629f,-0.8262f,1.0625f,0f,0f,0f,1f],start_interpolation: 0,interpolation_duration: 1}
$data merge entity $(bone_left_leg_hazmat) {transformation: [-0.999f,-0.0392f,-0.019f,0.125f,-0.0378f,0.9967f,-0.0723f,-2.3125f,0.0218f,-0.0715f,-0.9972f,1.0625f,0f,0f,0f,1f],start_interpolation: 0,interpolation_duration: 1}
data modify entity @s data merge value {"cameras":{},"locators":{"left_arm_grab":{"posx":0.5874999999999999,"posy":-1.8873849129616806,"posz":0.9472173875317982,"roty":0,"rotx":-40.66666666666667}}}