# This file was generated by Animated Java via MC-Build. It is not recommended to edit this file directly.
$data merge entity $(bone_head) {transformation: [-0.9848f,0.1378f,-0.1057f,0f,-0.0141f,0.5432f,0.8395f,-0.8607f,0.1731f,0.8282f,-0.533f,0.0717f,0f,0f,0f,1f],start_interpolation: 0,interpolation_duration: 1}
$data merge entity $(bone_knife) {transformation: [-0.9311f,-0.2439f,-0.2712f,-0.2438f,-0.1128f,0.8996f,-0.4219f,-1.965f,0.3469f,-0.3622f,-0.8651f,0.6053f,0f,0f,0f,1f],start_interpolation: 0,interpolation_duration: 1}
$data merge entity $(bone_right_arm) {transformation: [-0.9311f,-0.2439f,-0.2712f,-0.375f,-0.1128f,0.8996f,-0.4219f,-0.8607f,0.3469f,-0.3622f,-0.8651f,0.0717f,0f,0f,0f,1f],start_interpolation: 0,interpolation_duration: 1}
$data merge entity $(bone_left_arm) {transformation: [-1f,0f,0f,0.375f,0f,0.7623f,-0.6472f,-0.8607f,0f,-0.6472f,-0.7623f,0.0717f,0f,0f,0f,1f],start_interpolation: 0,interpolation_duration: 1}
$data merge entity $(bone_torso) {transformation: [-1f,0f,0f,0f,0f,0.9988f,-0.0494f,-1.9375f,0f,-0.0494f,-0.9988f,0.125f,0f,0f,0f,1f],start_interpolation: 0,interpolation_duration: 1}
$data merge entity $(bone_right_leg_hazmat) {transformation: [-0.9994f,-0.0349f,-0.0075f,-0.2188f,-0.0245f,0.824f,-0.5661f,-2.3125f,0.026f,-0.5655f,-0.8243f,1.0625f,0f,0f,0f,1f],start_interpolation: 0,interpolation_duration: 1}
$data merge entity $(bone_left_leg_hazmat) {transformation: [-0.999f,-0.0389f,-0.0198f,0.125f,-0.0378f,0.9979f,-0.0527f,-2.3125f,0.0218f,-0.0519f,-0.9984f,1.0625f,0f,0f,0f,1f],start_interpolation: 0,interpolation_duration: 1}
data modify entity @s data merge value {"cameras":{},"locators":{"left_arm_grab":{"posx":0.5874999999999999,"posy":-1.8921692009424926,"posz":0.9474950291432049,"roty":0,"rotx":-40.33333333333335}}}