# This file was generated by Animated Java via MC-Build. It is not recommended to edit this file directly.
$data merge entity $(bone_head) {transformation: [-0.9848f,0.1378f,-0.1057f,0f,-0.0151f,0.5384f,0.8426f,-0.8604f,0.173f,0.8314f,-0.5281f,0.078f,0f,0f,0f,1f],start_interpolation: 0,interpolation_duration: 1}
$data merge entity $(bone_knife) {transformation: [-0.9311f,-0.2439f,-0.2712f,-0.2438f,-0.1148f,0.9017f,-0.4169f,-1.9678f,0.3462f,-0.357f,-0.8676f,0.6051f,0f,0f,0f,1f],start_interpolation: 0,interpolation_duration: 1}
$data merge entity $(bone_right_arm) {transformation: [-0.9311f,-0.2439f,-0.2712f,-0.375f,-0.1148f,0.9017f,-0.4169f,-0.8604f,0.3462f,-0.357f,-0.8676f,0.078f,0f,0f,0f,1f],start_interpolation: 0,interpolation_duration: 1}
$data merge entity $(bone_left_arm) {transformation: [-1f,0f,0f,0.375f,0f,0.766f,-0.6428f,-0.8604f,0f,-0.6428f,-0.766f,0.078f,0f,0f,0f,1f],start_interpolation: 0,interpolation_duration: 1}
$data merge entity $(bone_torso) {transformation: [-1f,0f,0f,0f,0f,0.999f,-0.0436f,-1.9375f,0f,-0.0436f,-0.999f,0.125f,0f,0f,0f,1f],start_interpolation: 0,interpolation_duration: 1}
$data merge entity $(bone_right_leg_hazmat) {transformation: [-0.9992f,-0.0382f,-0.0076f,-0.2188f,-0.0271f,0.822f,-0.5688f,-2.3125f,0.028f,-0.5682f,-0.8224f,1.0625f,0f,0f,0f,1f],start_interpolation: 0,interpolation_duration: 1}
$data merge entity $(bone_left_leg_hazmat) {transformation: [-0.999f,-0.0385f,-0.0206f,0.125f,-0.0378f,0.9987f,-0.0331f,-2.3125f,0.0218f,-0.0323f,-0.9992f,1.0625f,0f,0f,0f,1f],start_interpolation: 0,interpolation_duration: 1}
data modify entity @s data merge value {"cameras":{},"locators":{"left_arm_grab":{"posx":0.5874999999999999,"posy":-1.8969550232024266,"posz":0.9477448323538458,"roty":0,"rotx":-40.00000000000001}}}