# This file was generated by Animated Java via MC-Build. It is not recommended to edit this file directly.
$data merge entity $(bone_head) {transformation: [-0.9848f,0.1378f,-0.1057f,0f,-0.0076f,0.5741f,0.8187f,-0.8635f,0.1735f,0.8071f,-0.5643f,0.031f,0f,0f,0f,1f],start_interpolation: 0,interpolation_duration: 1}
$data merge entity $(bone_knife) {transformation: [-0.985f,-0.0559f,-0.1633f,-0.4865f,-0.0455f,0.9968f,-0.0665f,-2.0847f,0.1665f,-0.058f,-0.9843f,0.1637f,0f,0f,0f,1f],start_interpolation: 0,interpolation_duration: 1}
$data merge entity $(bone_right_arm) {transformation: [-0.985f,-0.0559f,-0.1633f,-0.375f,-0.0455f,0.9968f,-0.0665f,-0.8635f,0.1665f,-0.058f,-0.9843f,0.031f,0f,0f,0f,1f],start_interpolation: 0,interpolation_duration: 1}
$data merge entity $(bone_left_arm) {transformation: [-1f,0f,0f,0.375f,0f,0.7373f,-0.6756f,-0.8635f,0f,-0.6756f,-0.7373f,0.031f,0f,0f,0f,1f],start_interpolation: 0,interpolation_duration: 1}
$data merge entity $(bone_torso) {transformation: [-1f,0f,0f,0f,0f,0.9962f,-0.0872f,-1.9375f,0f,-0.0872f,-0.9962f,0.125f,0f,0f,0f,1f],start_interpolation: 0,interpolation_duration: 1}
$data merge entity $(bone_right_leg_hazmat) {transformation: [-0.9991f,-0.0415f,-0.0076f,-0.2188f,-0.0297f,0.8201f,-0.5715f,-2.3125f,0.0299f,-0.5708f,-0.8206f,1.0625f,0f,0f,0f,1f],start_interpolation: 0,interpolation_duration: 1}
$data merge entity $(bone_left_leg_hazmat) {transformation: [-0.999f,-0.0381f,-0.0213f,0.125f,-0.0378f,0.9992f,-0.0135f,-2.3125f,0.0218f,-0.0127f,-0.9997f,1.0625f,0f,0f,0f,1f],start_interpolation: 0,interpolation_duration: 1}
$data merge entity $(bone_helmet) {transformation: [-1f,0f,0f,-0.0313f,0f,0.5878f,-0.809f,-1.7177f,0f,-0.809f,-0.5878f,0.7852f,0f,0f,0f,1f],start_interpolation: 0,interpolation_duration: 1}
data modify entity @s data merge value {"cameras":{},"locators":{"left_arm_grab":{"posx":0.5874999999999999,"posy":-1.8611059874910358,"posz":0.9451932145301212,"roty":0,"rotx":-42.50000000000001}}}