# This file was generated by Animated Java via MC-Build. It is not recommended to edit this file directly.
$data merge entity $(bone_head) {transformation: [-0.9848f,0.1378f,-0.1057f,0f,0f,0.6088f,0.7934f,-0.8686f,0.1736f,0.7813f,-0.5995f,-0.0157f,0f,0f,0f,1f],start_interpolation: 0,interpolation_duration: 1}
$data merge entity $(bone_knife) {transformation: [-0.9996f,0.0069f,0.0275f,-0.5716f,0.014f,0.9632f,0.2686f,-2.0482f,-0.0246f,0.2689f,-0.9629f,-0.3179f,0f,0f,0f,1f],start_interpolation: 0,interpolation_duration: 1}
$data merge entity $(bone_right_arm) {transformation: [-0.9996f,0.0069f,0.0275f,-0.375f,0.014f,0.9632f,0.2686f,-0.8686f,-0.0246f,0.2689f,-0.9629f,-0.0157f,0f,0f,0f,1f],start_interpolation: 0,interpolation_duration: 1}
$data merge entity $(bone_left_arm) {transformation: [-1f,0f,0f,0.375f,0f,0.7071f,-0.7071f,-0.8686f,0f,-0.7071f,-0.7071f,-0.0157f,0f,0f,0f,1f],start_interpolation: 0,interpolation_duration: 1}
$data merge entity $(bone_torso) {transformation: [-1f,0f,0f,0f,0f,0.9914f,-0.1305f,-1.9375f,0f,-0.1305f,-0.9914f,0.125f,0f,0f,0f,1f],start_interpolation: 0,interpolation_duration: 1}
$data merge entity $(bone_right_leg_hazmat) {transformation: [-0.999f,-0.0448f,-0.0076f,-0.2188f,-0.0323f,0.8181f,-0.5742f,-2.3125f,0.0319f,-0.5733f,-0.8187f,1.0625f,0f,0f,0f,1f],start_interpolation: 0,interpolation_duration: 1}
$data merge entity $(bone_left_leg_hazmat) {transformation: [-0.999f,-0.0376f,-0.0221f,0.125f,-0.0378f,0.9993f,0.0061f,-2.3125f,0.0218f,0.007f,-0.9997f,1.0625f,0f,0f,0f,1f],start_interpolation: 0,interpolation_duration: 1}
$data merge entity $(bone_right_arm_hazmat) {transformation: [-0.999f,0.0382f,0.0211f,-0.4063f,0.0395f,0.9968f,0.0693f,-1.6894f,-0.0184f,0.0701f,-0.9974f,0.7719f,0f,0f,0f,1f],start_interpolation: 0,interpolation_duration: 1}
$data merge entity $(bone_helmet) {transformation: [-1f,0f,0f,-0.0313f,0f,0.6361f,-0.7716f,-1.7177f,0f,-0.7716f,-0.6361f,0.7852f,0f,0f,0f,1f],start_interpolation: 0,interpolation_duration: 1}
data modify entity @s data merge value {"cameras":{},"locators":{"left_arm_grab":{"posx":0.5874999999999999,"posy":-1.8254023721244077,"posz":0.941080312305804,"roty":0,"rotx":-45.00000000000001}}}