# This file was generated by Animated Java via MC-Build. It is not recommended to edit this file directly.
$data merge entity $(bone_knife) {transformation: [-0.9996f,0.0074f,0.0273f,-0.5723f,0.014f,0.9684f,0.2492f,-2.054f,-0.0246f,0.2494f,-0.9681f,-0.2941f,0f,0f,0f,1f],start_interpolation: 0,interpolation_duration: 1}
$data merge entity $(bone_right_arm) {transformation: [-0.9996f,0.0074f,0.0273f,-0.375f,0.014f,0.9684f,0.2492f,-0.8686f,-0.0246f,0.2494f,-0.9681f,-0.0157f,0f,0f,0f,1f],start_interpolation: 0,interpolation_duration: 1}
$data merge entity $(bone_right_leg_hazmat) {transformation: [-0.9988f,-0.0481f,-0.0076f,-0.2188f,-0.0349f,0.8161f,-0.5769f,-2.3125f,0.0339f,-0.5759f,-0.8168f,1.0625f,0f,0f,0f,1f],start_interpolation: 0,interpolation_duration: 1}
$data merge entity $(bone_left_leg_hazmat) {transformation: [-0.999f,-0.0372f,-0.0228f,0.125f,-0.0378f,0.999f,0.0257f,-2.3125f,0.0218f,0.0266f,-0.9994f,1.0625f,0f,0f,0f,1f],start_interpolation: 0,interpolation_duration: 1}
$data merge entity $(bone_right_arm_hazmat) {transformation: [-0.999f,0.0374f,0.0225f,-0.4063f,0.0395f,0.9937f,0.1053f,-1.6894f,-0.0184f,0.1061f,-0.9942f,0.7719f,0f,0f,0f,1f],start_interpolation: 0,interpolation_duration: 1}
$data merge entity $(bone_helmet) {transformation: [-1f,0f,0f,-0.0313f,0f,0.682f,-0.7314f,-1.7177f,0f,-0.7314f,-0.682f,0.7852f,0f,0f,0f,1f],start_interpolation: 0,interpolation_duration: 1}