# This file was generated by Animated Java via MC-Build. It is not recommended to edit this file directly.
$data merge entity $(bone_knife) {transformation: [-0.9996f,0.008f,0.0272f,-0.573f,0.014f,0.9732f,0.2296f,-2.0592f,-0.0246f,0.2299f,-0.9729f,-0.2701f,0f,0f,0f,1f],start_interpolation: 0,interpolation_duration: 1}
$data merge entity $(bone_right_arm) {transformation: [-0.9996f,0.008f,0.0272f,-0.375f,0.014f,0.9732f,0.2296f,-0.8686f,-0.0246f,0.2299f,-0.9729f,-0.0157f,0f,0f,0f,1f],start_interpolation: 0,interpolation_duration: 1}
$data merge entity $(bone_right_leg_hazmat) {transformation: [-0.9987f,-0.0514f,-0.0075f,-0.2188f,-0.0375f,0.8141f,-0.5796f,-2.3125f,0.0359f,-0.5785f,-0.8149f,1.0625f,0f,0f,0f,1f],start_interpolation: 0,interpolation_duration: 1}
$data merge entity $(bone_left_leg_hazmat) {transformation: [-0.999f,-0.0367f,-0.0235f,0.125f,-0.0378f,0.9983f,0.0454f,-2.3125f,0.0218f,0.0462f,-0.9987f,1.0625f,0f,0f,0f,1f],start_interpolation: 0,interpolation_duration: 1}
$data merge entity $(bone_right_arm_hazmat) {transformation: [-0.999f,0.0377f,0.0219f,-0.4063f,0.0395f,0.9953f,0.0884f,-1.6894f,-0.0184f,0.0892f,-0.9958f,0.7719f,0f,0f,0f,1f],start_interpolation: 0,interpolation_duration: 1}
$data merge entity $(bone_helmet) {transformation: [-1f,0f,0f,-0.0313f,0f,0.7254f,-0.6884f,-1.7177f,0f,-0.6884f,-0.7254f,0.7852f,0f,0f,0f,1f],start_interpolation: 0,interpolation_duration: 1}