# This file was generated by Animated Java via MC-Build. It is not recommended to edit this file directly.
$data merge entity $(bone_head) {transformation: [-0.993f,0.0526f,-0.1061f,0.0054f,-0.0176f,0.8206f,0.5713f,-0.8345f,0.1172f,0.5691f,-0.8139f,0.1236f,0f,0f,0f,1f],start_interpolation: 0,interpolation_duration: 1}
$data merge entity $(bone_knife) {transformation: [-0.9984f,-0.012f,0.0545f,-0.5434f,0.0049f,0.9542f,0.2992f,-2.004f,-0.0556f,0.299f,-0.9526f,-0.2423f,0f,0f,0f,1f],start_interpolation: 0,interpolation_duration: 1}
$data merge entity $(bone_right_arm) {transformation: [-0.9984f,-0.012f,0.0545f,-0.369f,0.0049f,0.9542f,0.2992f,-0.8327f,-0.0556f,0.299f,-0.9526f,0.1027f,0f,0f,0f,1f],start_interpolation: 0,interpolation_duration: 1}
$data merge entity $(bone_left_arm) {transformation: [-0.9984f,0.0259f,0.0495f,0.3798f,0.0049f,0.9233f,-0.3841f,-0.8364f,-0.0556f,-0.3833f,-0.9219f,0.1444f,0f,0f,0f,1f],start_interpolation: 0,interpolation_duration: 1}
$data merge entity $(bone_torso) {transformation: [-0.9984f,0.005f,0.0556f,0f,0.0049f,1f,-0.0016f,-1.9126f,-0.0556f,-0.0013f,-0.9985f,0.125f,0f,0f,0f,1f],start_interpolation: 0,interpolation_duration: 1}
$data merge entity $(bone_right_leg) {transformation: [-1f,0f,0f,-0.2344f,0f,0.9897f,0.1435f,-1.9179f,0f,0.1435f,-0.9897f,0.0937f,0f,0f,0f,1f],start_interpolation: 0,interpolation_duration: 1}
$data merge entity $(bone_left_leg) {transformation: [-1f,0f,0f,0.2344f,0f,0.982f,-0.1888f,-2.0312f,0f,-0.1888f,-0.982f,0.125f,0f,0f,0f,1f],start_interpolation: 0,interpolation_duration: 1}
$data merge entity $(bone_right_leg_hazmat) {transformation: [-0.9994f,0.0339f,-0.0016f,-0.2188f,0.0339f,0.9994f,-0.0097f,-2.3125f,0.0013f,-0.0097f,-1f,1.0625f,0f,0f,0f,1f],start_interpolation: 0,interpolation_duration: 1}
$data merge entity $(bone_left_leg_hazmat) {transformation: [-0.999f,-0.0435f,-0.0026f,0.125f,-0.0436f,0.9973f,0.0588f,-2.3125f,0f,0.0589f,-0.9983f,1.0625f,0f,0f,0f,1f],start_interpolation: 0,interpolation_duration: 1}
$data merge entity $(bone_right_arm_hazmat) {transformation: [-0.9954f,0.0957f,-0.005f,-0.4063f,0.0958f,0.994f,-0.0521f,-1.625f,0f,-0.0523f,-0.9986f,1.0625f,0f,0f,0f,1f],start_interpolation: 0,interpolation_duration: 1}
$data merge entity $(bone_left_arm_hazmat) {transformation: [-0.9954f,-0.0957f,0.005f,0.375f,-0.0958f,0.994f,-0.0521f,-1.625f,0f,-0.0523f,-0.9986f,1.0625f,0f,0f,0f,1f],start_interpolation: 0,interpolation_duration: 1}
$data merge entity $(bone_helmet) {transformation: [-1f,0f,0f,-0.0313f,0f,0.9806f,0.1958f,-1.6562f,0f,0.1958f,-0.9806f,1.0625f,0f,0f,0f,1f],start_interpolation: 0,interpolation_duration: 1}
data modify entity @s data merge value {"cameras":{},"locators":{"left_arm_grab":{"posx":0.5569348340299762,"posy":-2.0867082283670575,"posz":0.6749121913823795,"roty":3.0706920306267875,"rotx":-22.590825154363113}}}