# This file was generated by Animated Java via MC-Build. It is not recommended to edit this file directly.
$data merge entity $(bone_knife) {transformation: [-0.9996f,0.0085f,0.027f,-0.5736f,0.014f,0.9776f,0.21f,-2.064f,-0.0246f,0.2102f,-0.9773f,-0.246f,0f,0f,0f,1f],start_interpolation: 0,interpolation_duration: 1}
$data merge entity $(bone_right_arm) {transformation: [-0.9996f,0.0085f,0.027f,-0.375f,0.014f,0.9776f,0.21f,-0.8686f,-0.0246f,0.2102f,-0.9773f,-0.0157f,0f,0f,0f,1f],start_interpolation: 0,interpolation_duration: 1}
$data merge entity $(bone_right_leg_hazmat) {transformation: [-0.9985f,-0.0547f,-0.0075f,-0.2188f,-0.0401f,0.812f,-0.5822f,-2.3125f,0.0379f,-0.581f,-0.813f,1.0625f,0f,0f,0f,1f],start_interpolation: 0,interpolation_duration: 1}
$data merge entity $(bone_left_leg_hazmat) {transformation: [-0.999f,-0.0363f,-0.0242f,0.125f,-0.0378f,0.9972f,0.0649f,-2.3125f,0.0218f,0.0658f,-0.9976f,1.0625f,0f,0f,0f,1f],start_interpolation: 0,interpolation_duration: 1}
$data merge entity $(bone_right_arm_hazmat) {transformation: [-0.999f,0.0403f,0.0167f,-0.4063f,0.0395f,0.9982f,-0.0447f,-1.6894f,-0.0184f,-0.044f,-0.9989f,0.7719f,0f,0f,0f,1f],start_interpolation: 0,interpolation_duration: 1}
$data merge entity $(bone_helmet) {transformation: [-1f,0f,0f,-0.0313f,0f,0.766f,-0.6428f,-1.7177f,0f,-0.6428f,-0.766f,0.7852f,0f,0f,0f,1f],start_interpolation: 0,interpolation_duration: 1}