# This file was generated by Animated Java via MC-Build. It is not recommended to edit this file directly.
$data merge entity $(bone_knife) {transformation: [-0.9996f,0.009f,0.0268f,-0.5743f,0.014f,0.9816f,0.1902f,-2.0683f,-0.0246f,0.1905f,-0.9814f,-0.2219f,0f,0f,0f,1f],start_interpolation: 0,interpolation_duration: 1}
$data merge entity $(bone_right_arm) {transformation: [-0.9996f,0.009f,0.0268f,-0.375f,0.014f,0.9816f,0.1902f,-0.8686f,-0.0246f,0.1905f,-0.9814f,-0.0157f,0f,0f,0f,1f],start_interpolation: 0,interpolation_duration: 1}
$data merge entity $(bone_left_arm) {transformation: [-1f,0f,0f,0.375f,0f,0.8192f,-0.5736f,-0.8686f,0f,-0.5736f,-0.8192f,-0.0157f,0f,0f,0f,1f],start_interpolation: 0,interpolation_duration: 1}
$data merge entity $(bone_right_leg_hazmat) {transformation: [-0.9988f,-0.0473f,-0.0087f,-0.2116f,-0.0332f,0.8098f,-0.5858f,-2.2975f,0.0348f,-0.5848f,-0.8104f,1.0614f,0f,0f,0f,1f],start_interpolation: 0,interpolation_duration: 1}
$data merge entity $(bone_left_leg_hazmat) {transformation: [-0.9995f,-0.0268f,-0.019f,0.1322f,-0.0283f,0.9961f,0.0836f,-2.3007f,0.0167f,0.0841f,-0.9963f,1.0631f,0f,0f,0f,1f],start_interpolation: 0,interpolation_duration: 1}
$data merge entity $(bone_right_arm_hazmat) {transformation: [-0.9991f,0.0427f,0.0057f,-0.3994f,0.0391f,0.9531f,-0.3f,-1.6766f,-0.0182f,-0.2995f,-0.9539f,0.7721f,0f,0f,0f,1f],start_interpolation: 0,interpolation_duration: 1}
$data merge entity $(bone_left_arm_hazmat) {transformation: [-0.999f,-0.0392f,-0.0204f,0.3818f,-0.04f,0.9983f,0.0432f,-1.6763f,0.0186f,0.044f,-0.9989f,0.7719f,0f,0f,0f,1f],start_interpolation: 0,interpolation_duration: 1}
$data merge entity $(bone_helmet) {transformation: [-0.9996f,0.0267f,0.0022f,-0.0244f,0.0189f,0.7593f,-0.6505f,-1.7048f,-0.019f,-0.6502f,-0.7595f,0.7852f,0f,0f,0f,1f],start_interpolation: 0,interpolation_duration: 1}
$data merge entity $(bone_upper) {transformation: [-1f,-0.0005f,0f,0.0072f,-0.0005f,0.9063f,-0.4226f,-2.2995f,0.0002f,-0.4226f,-0.9063f,1.0625f,0f,0f,0f,1f],start_interpolation: 0,interpolation_duration: 1}
data modify entity @s data merge value {"cameras":{},"locators":{"left_arm_grab":{"posx":0.5874999999999999,"posy":-1.9770136187599028,"posz":0.760397064450266,"roty":0,"rotx":-34.99999999999999},"camera":{"posx":-0.02457673264430314,"posy":-1.3230902817674992,"posz":0.9382199536174877,"roty":0.00043388282145429,"rotx":-24.998433452087557}}}