# This file was generated by Animated Java via MC-Build. It is not recommended to edit this file directly.
$data merge entity $(bone_knife) {transformation: [-0.9996f,0.0096f,0.0267f,-0.5749f,0.014f,0.9853f,0.1704f,-2.0721f,-0.0246f,0.1707f,-0.985f,-0.1976f,0f,0f,0f,1f],start_interpolation: 0,interpolation_duration: 1}
$data merge entity $(bone_right_arm) {transformation: [-0.9996f,0.0096f,0.0267f,-0.375f,0.014f,0.9853f,0.1704f,-0.8686f,-0.0246f,0.1707f,-0.985f,-0.0157f,0f,0f,0f,1f],start_interpolation: 0,interpolation_duration: 1}
$data merge entity $(bone_left_arm) {transformation: [-1f,0f,0f,0.375f,0f,0.9063f,-0.4226f,-0.8686f,0f,-0.4226f,-0.9063f,-0.0157f,0f,0f,0f,1f],start_interpolation: 0,interpolation_duration: 1}
$data merge entity $(bone_right_leg_hazmat) {transformation: [-0.9996f,-0.0271f,-0.0116f,-0.1952f,-0.015f,0.807f,-0.5904f,-2.2638f,0.0253f,-0.5899f,-0.8071f,1.0588f,0f,0f,0f,1f],start_interpolation: 0,interpolation_duration: 1}
$data merge entity $(bone_left_leg_hazmat) {transformation: [-1f,-0.007f,-0.0059f,0.1484f,-0.0076f,0.9949f,0.1007f,-2.2742f,0.0052f,0.1008f,-0.9949f,1.0646f,0f,0f,0f,1f],start_interpolation: 0,interpolation_duration: 1}
$data merge entity $(bone_right_arm_hazmat) {transformation: [-0.9991f,0.0423f,0.0001f,-0.3837f,0.0383f,0.9048f,-0.4241f,-1.6478f,-0.018f,-0.4237f,-0.9056f,0.7722f,0f,0f,0f,1f],start_interpolation: 0,interpolation_duration: 1}
$data merge entity $(bone_left_arm_hazmat) {transformation: [-0.999f,-0.0399f,-0.0206f,0.3975f,-0.0408f,0.9982f,0.0433f,-1.6468f,0.0189f,0.0441f,-0.9988f,0.7718f,0f,0f,0f,1f],start_interpolation: 0,interpolation_duration: 1}
$data merge entity $(bone_helmet) {transformation: [-0.9986f,0.0532f,0.004f,-0.0087f,0.0374f,0.7519f,-0.6582f,-1.6756f,-0.038f,-0.6572f,-0.7528f,0.7852f,0f,0f,0f,1f],start_interpolation: 0,interpolation_duration: 1}
$data merge entity $(bone_upper) {transformation: [-1f,-0.0013f,0.0001f,0.0234f,-0.0013f,0.9064f,-0.4225f,-2.2704f,0.0004f,-0.4225f,-0.9064f,1.0625f,0f,0f,0f,1f],start_interpolation: 0,interpolation_duration: 1}
data modify entity @s data merge value {"cameras":{},"locators":{"left_arm_grab":{"posx":0.5874999999999999,"posy":-2.0949462331653277,"posz":0.5561317844306404,"roty":0,"rotx":-24.999999999999986},"camera":{"posx":-0.00907937625089044,"posy":-1.29398175038137,"posz":0.9382673255549736,"roty":0.008907548144975408,"rotx":-24.993871057450978}}}