# This file was generated by Animated Java via MC-Build. It is not recommended to edit this file directly.
$data merge entity $(bone_knife) {transformation: [-0.9996f,0.0101f,0.0265f,-0.5756f,0.014f,0.9885f,0.1505f,-2.0754f,-0.0246f,0.1509f,-0.9882f,-0.1733f,0f,0f,0f,1f],start_interpolation: 0,interpolation_duration: 1}
$data merge entity $(bone_right_arm) {transformation: [-0.9996f,0.0101f,0.0265f,-0.375f,0.014f,0.9885f,0.1505f,-0.8686f,-0.0246f,0.1509f,-0.9882f,-0.0157f,0f,0f,0f,1f],start_interpolation: 0,interpolation_duration: 1}
$data merge entity $(bone_left_arm) {transformation: [-1f,0f,0f,0.375f,0f,0.9659f,-0.2588f,-0.8686f,0f,-0.2588f,-0.9659f,-0.0157f,0f,0f,0f,1f],start_interpolation: 0,interpolation_duration: 1}
$data merge entity $(bone_right_leg_hazmat) {transformation: [-0.9999f,-0.0075f,-0.0137f,-0.1766f,0.0021f,0.8038f,-0.5949f,-2.2289f,0.0155f,-0.5949f,-0.8037f,1.0559f,0f,0f,0f,1f],start_interpolation: 0,interpolation_duration: 1}
$data merge entity $(bone_left_leg_hazmat) {transformation: [-0.9999f,0.0112f,0.008f,0.1666f,0.0121f,0.993f,0.1176f,-2.246f,-0.0066f,0.1176f,-0.993f,1.0658f,0f,0f,0f,1f],start_interpolation: 0,interpolation_duration: 1}
$data merge entity $(bone_right_arm_hazmat) {transformation: [-0.9992f,0.0394f,0.0003f,-0.3674f,0.0352f,0.8978f,-0.439f,-1.6183f,-0.0176f,-0.4386f,-0.8985f,0.7723f,0f,0f,0f,1f],start_interpolation: 0,interpolation_duration: 1}
$data merge entity $(bone_left_arm_hazmat) {transformation: [-0.9989f,-0.0429f,-0.0212f,0.4138f,-0.0438f,0.9981f,0.0437f,-1.615f,0.0193f,0.0445f,-0.9988f,0.7717f,0f,0f,0f,1f],start_interpolation: 0,interpolation_duration: 1}
$data merge entity $(bone_helmet) {transformation: [-0.9969f,0.0779f,0.0066f,0.0077f,0.0537f,0.7441f,-0.6659f,-1.645f,-0.0568f,-0.6635f,-0.746f,0.7852f,0f,0f,0f,1f],start_interpolation: 0,interpolation_duration: 1}
$data merge entity $(bone_upper) {transformation: [-1f,-0.0043f,0.001f,0.0418f,-0.0043f,0.9065f,-0.4221f,-2.2398f,0.0009f,-0.4221f,-0.9065f,1.0622f,0f,0f,0f,1f],start_interpolation: 0,interpolation_duration: 1}
data modify entity @s data merge value {"cameras":{},"locators":{"left_arm_grab":{"posx":0.5874999999999999,"posy":-2.175616892528756,"posz":0.3344909694171056,"roty":0,"rotx":-15.000000000000012},"camera":{"posx":0.006221532520313558,"posy":-1.2634465581715166,"posz":0.9384372234710466,"roty":0.06571834588461911,"rotx":-24.969786679379492}}}