# This file was generated by Animated Java via MC-Build. It is not recommended to edit this file directly.
$data merge entity $(bone_knife) {transformation: [-0.9996f,0.0107f,0.0262f,-0.5762f,0.014f,0.9913f,0.1306f,-2.0782f,-0.0246f,0.1309f,-0.9911f,-0.1489f,0f,0f,0f,1f],start_interpolation: 0,interpolation_duration: 1}
$data merge entity $(bone_right_arm) {transformation: [-0.9996f,0.0107f,0.0262f,-0.375f,0.014f,0.9913f,0.1306f,-0.8686f,-0.0246f,0.1309f,-0.9911f,-0.0157f,0f,0f,0f,1f],start_interpolation: 0,interpolation_duration: 1}
$data merge entity $(bone_left_arm) {transformation: [-1f,0f,0f,0.375f,0f,0.9962f,-0.0872f,-0.8686f,0f,-0.0872f,-0.9962f,-0.0157f,0f,0f,0f,1f],start_interpolation: 0,interpolation_duration: 1}
$data merge entity $(bone_right_leg_hazmat) {transformation: [-0.9999f,-0.0042f,-0.011f,-0.1616f,0.0032f,0.8017f,-0.5978f,-2.2108f,0.0113f,-0.5978f,-0.8016f,1.0536f,0f,0f,0f,1f],start_interpolation: 0,interpolation_duration: 1}
$data merge entity $(bone_left_leg_hazmat) {transformation: [-0.9998f,0.0138f,0.0149f,0.1815f,0.0157f,0.9905f,0.1367f,-2.2291f,-0.0128f,0.1369f,-0.9905f,1.0656f,0f,0f,0f,1f],start_interpolation: 0,interpolation_duration: 1}
$data merge entity $(bone_right_arm_hazmat) {transformation: [-0.9995f,0.0301f,0.0049f,-0.3587f,0.0256f,0.914f,-0.4048f,-1.6045f,-0.0167f,-0.4045f,-0.9144f,0.7727f,0f,0f,0f,1f],start_interpolation: 0,interpolation_duration: 1}
$data merge entity $(bone_left_arm_hazmat) {transformation: [-0.9984f,-0.0526f,-0.0225f,0.4225f,-0.0536f,0.9976f,0.0449f,-1.5936f,0.0201f,0.046f,-0.9987f,0.7713f,0f,0f,0f,1f],start_interpolation: 0,interpolation_duration: 1}
$data merge entity $(bone_helmet) {transformation: [-0.9952f,0.0974f,0.0129f,0.0167f,0.0634f,0.7371f,-0.6728f,-1.6276f,-0.075f,-0.6687f,-0.7397f,0.7852f,0f,0f,0f,1f],start_interpolation: 0,interpolation_duration: 1}
$data merge entity $(bone_upper) {transformation: [-0.9999f,-0.0134f,0.0043f,0.0567f,-0.014f,0.907f,-0.4208f,-2.2224f,0.0017f,-0.4208f,-0.9071f,1.0613f,0f,0f,0f,1f],start_interpolation: 0,interpolation_duration: 1}
data modify entity @s data merge value {"cameras":{},"locators":{"left_arm_grab":{"posx":0.5875,"posy":-2.2165744596867536,"posz":0.10220906341818194,"roty":0,"rotx":-5},"camera":{"posx":0.011610011418104652,"posy":-1.2462665830188102,"posz":0.9389581826378794,"roty":0.27440937688893996,"rotx":-24.88460878880092}}}