# This file was generated by Animated Java via MC-Build. It is not recommended to edit this file directly.
$data merge entity $(bone_knife) {transformation: [-0.9996f,0.0112f,0.026f,-0.5769f,0.014f,0.9938f,0.1106f,-2.0806f,-0.0246f,0.1109f,-0.9935f,-0.1245f,0f,0f,0f,1f],start_interpolation: 0,interpolation_duration: 1}
$data merge entity $(bone_right_arm) {transformation: [-0.9996f,0.0112f,0.026f,-0.375f,0.014f,0.9938f,0.1106f,-0.8686f,-0.0246f,0.1109f,-0.9935f,-0.0157f,0f,0f,0f,1f],start_interpolation: 0,interpolation_duration: 1}
$data merge entity $(bone_right_leg_hazmat) {transformation: [-0.9994f,-0.0355f,0.0032f,-0.1532f,-0.0304f,0.802f,-0.5965f,-2.2277f,0.0186f,-0.5962f,-0.8026f,1.0523f,0f,0f,0f,1f],start_interpolation: 0,interpolation_duration: 1}
$data merge entity $(bone_left_leg_hazmat) {transformation: [-0.9999f,-0.0161f,0.0049f,0.1903f,-0.0151f,0.9868f,0.1614f,-2.2355f,-0.0075f,0.1613f,-0.9869f,1.0624f,0f,0f,0f,1f],start_interpolation: 0,interpolation_duration: 1}
$data merge entity $(bone_right_arm_hazmat) {transformation: [-0.9999f,0.0064f,0.0134f,-0.3658f,0.0008f,0.9262f,-0.3771f,-1.6242f,-0.0148f,-0.377f,-0.9261f,0.7732f,0f,0f,0f,1f],start_interpolation: 0,interpolation_duration: 1}
$data merge entity $(bone_left_arm_hazmat) {transformation: [-0.9967f,-0.0772f,-0.0254f,0.4149f,-0.0784f,0.9958f,0.0481f,-1.5938f,0.0216f,0.05f,-0.9985f,0.7706f,0f,0f,0f,1f],start_interpolation: 0,interpolation_duration: 1}
$data merge entity $(bone_helmet) {transformation: [-0.994f,0.1053f,0.0283f,0.0101f,0.0584f,0.7331f,-0.6776f,-1.638f,-0.0921f,-0.6719f,-0.7349f,0.785f,0f,0f,0f,1f],start_interpolation: 0,interpolation_duration: 1}
$data merge entity $(bone_upper) {transformation: [-0.9992f,-0.0367f,0.0131f,0.0654f,-0.0388f,0.908f,-0.4171f,-2.2327f,0.0034f,-0.4173f,-0.9088f,1.0588f,0f,0f,0f,1f],start_interpolation: 0,interpolation_duration: 1}
data modify entity @s data merge value {"cameras":{},"locators":{"camera":{"posx":-0.004149942928261381,"posy":-1.257479523836968,"posz":0.9402727942580199,"roty":0.8273862238862648,"rotx":-24.65169787945307}}}