# This file was generated by Animated Java via MC-Build. It is not recommended to edit this file directly.
$data merge entity $(bone_knife) {transformation: [-0.9996f,0.0117f,0.0258f,-0.5775f,0.014f,0.9958f,0.0906f,-2.0824f,-0.0246f,0.0909f,-0.9956f,-0.1f,0f,0f,0f,1f],start_interpolation: 0,interpolation_duration: 1}
$data merge entity $(bone_right_arm) {transformation: [-0.9996f,0.0117f,0.0258f,-0.375f,0.014f,0.9958f,0.0906f,-0.8686f,-0.0246f,0.0909f,-0.9956f,-0.0157f,0f,0f,0f,1f],start_interpolation: 0,interpolation_duration: 1}
$data merge entity $(bone_right_leg_hazmat) {transformation: [-0.9916f,-0.1236f,0.0373f,-0.1502f,-0.1219f,0.8002f,-0.5872f,-2.2985f,0.0427f,-0.5868f,-0.8086f,1.0518f,0f,0f,0f,1f],start_interpolation: 0,interpolation_duration: 1}
$data merge entity $(bone_left_leg_hazmat) {transformation: [-0.9945f,-0.0989f,-0.0347f,0.1928f,-0.1038f,0.9759f,0.1918f,-2.2758f,0.0149f,0.1943f,-0.9808f,1.054f,0f,0f,0f,1f],start_interpolation: 0,interpolation_duration: 1}
$data merge entity $(bone_right_arm_hazmat) {transformation: [-0.9986f,-0.0426f,0.0309f,-0.3965f,-0.0507f,0.9358f,-0.3489f,-1.6975f,-0.0141f,-0.35f,-0.9366f,0.7743f,0f,0f,0f,1f],start_interpolation: 0,interpolation_duration: 1}
$data merge entity $(bone_left_arm_hazmat) {transformation: [-0.9579f,-0.2797f,-0.0647f,0.3814f,-0.2686f,0.9527f,-0.1418f,-1.6249f,0.1013f,-0.1185f,-0.9878f,0.7691f,0f,0f,0f,1f],start_interpolation: 0,interpolation_duration: 1}
$data merge entity $(bone_helmet) {transformation: [-0.994f,0.0906f,0.0619f,-0.0204f,0.0248f,0.7352f,-0.6774f,-1.691f,-0.1068f,-0.6718f,-0.733f,0.7846f,0f,0f,0f,1f],start_interpolation: 0,interpolation_duration: 1}
$data merge entity $(bone_upper) {transformation: [-0.9957f,-0.0874f,0.032f,0.0681f,-0.0929f,0.9081f,-0.4083f,-2.284f,0.0066f,-0.4095f,-0.9123f,1.0532f,0f,0f,0f,1f],start_interpolation: 0,interpolation_duration: 1}
data modify entity @s data merge value {"cameras":{},"locators":{"camera":{"posx":-0.05459243464723315,"posy":-1.3131007381058255,"posz":0.9431322200271843,"roty":2.0090082589458973,"rotx":-24.09965743383373}}}