# This file was generated by Animated Java via MC-Build. It is not recommended to edit this file directly.
$data merge entity $(bone_knife) {transformation: [-0.9996f,0.0122f,0.0256f,-0.5781f,0.014f,0.9974f,0.0705f,-2.0838f,-0.0246f,0.0708f,-0.9972f,-0.0755f,0f,0f,0f,1f],start_interpolation: 0,interpolation_duration: 1}
$data merge entity $(bone_right_arm) {transformation: [-0.9996f,0.0122f,0.0256f,-0.375f,0.014f,0.9974f,0.0705f,-0.8686f,-0.0246f,0.0708f,-0.9972f,-0.0157f,0f,0f,0f,1f],start_interpolation: 0,interpolation_duration: 1}
$data merge entity $(bone_right_leg_hazmat) {transformation: [-0.9508f,-0.2932f,0.1005f,-0.1433f,-0.2974f,0.7716f,-0.5624f,-2.4391f,0.0874f,-0.5646f,-0.8207f,1.0506f,0f,0f,0f,1f],start_interpolation: 0,interpolation_duration: 1}
$data merge entity $(bone_left_leg_hazmat) {transformation: [-0.959f,-0.2561f,-0.121f,0.1902f,-0.2772f,0.9364f,0.2152f,-2.3566f,0.0583f,0.2399f,-0.969f,1.0376f,0f,0f,0f,1f],start_interpolation: 0,interpolation_duration: 1}
$data merge entity $(bone_right_arm_hazmat) {transformation: [-0.9884f,-0.1407f,0.0568f,-0.4575f,-0.1512f,0.9435f,-0.295f,-1.8482f,-0.0121f,-0.3001f,-0.9538f,0.7764f,0f,0f,0f,1f],start_interpolation: 0,interpolation_duration: 1}
$data merge entity $(bone_left_arm_hazmat) {transformation: [-0.8518f,-0.5237f,-0.0132f,0.3083f,-0.4932f,0.8103f,-0.3165f,-1.6939f,0.1764f,-0.2631f,-0.9485f,0.7664f,0f,0f,0f,1f],start_interpolation: 0,interpolation_duration: 1}
$data merge entity $(bone_helmet) {transformation: [-0.9914f,0.0348f,0.1264f,-0.0841f,-0.0586f,0.745f,-0.6645f,-1.8023f,-0.1173f,-0.6662f,-0.7365f,0.784f,0f,0f,0f,1f],start_interpolation: 0,interpolation_duration: 1}
$data merge entity $(bone_upper) {transformation: [-0.9802f,-0.1865f,0.0663f,0.0689f,-0.1975f,0.8999f,-0.3889f,-2.3866f,0.0128f,-0.3943f,-0.9189f,1.0423f,0f,0f,0f,1f],start_interpolation: 0,interpolation_duration: 1}
data modify entity @s data merge value {"cameras":{},"locators":{"camera":{"posx":-0.1564311676172222,"posy":-1.432499959630211,"posz":0.9487219838409173,"roty":4.129859007884704,"rotx":-22.886943973489448}}}