# This file was generated by Animated Java via MC-Build. It is not recommended to edit this file directly.
$data merge entity $(bone_knife) {transformation: [-0.9996f,0.0127f,0.0253f,-0.5787f,0.014f,0.9986f,0.0504f,-2.0846f,-0.0246f,0.0508f,-0.9984f,-0.051f,0f,0f,0f,1f],start_interpolation: 0,interpolation_duration: 1}
$data merge entity $(bone_right_arm) {transformation: [-0.9996f,0.0127f,0.0253f,-0.375f,0.014f,0.9986f,0.0504f,-0.8686f,-0.0246f,0.0508f,-0.9984f,-0.0157f,0f,0f,0f,1f],start_interpolation: 0,interpolation_duration: 1}
$data merge entity $(bone_right_leg_hazmat) {transformation: [-0.8086f,-0.5538f,0.1987f,-0.1113f,-0.5683f,0.6478f,-0.5073f,-2.6543f,0.1522f,-0.5231f,-0.8386f,1.046f,0f,0f,0f,1f],start_interpolation: 0,interpolation_duration: 1}
$data merge entity $(bone_left_leg_hazmat) {transformation: [-0.8266f,-0.4964f,-0.2653f,0.1808f,-0.5493f,0.8142f,0.1882f,-2.4766f,0.1226f,0.3012f,-0.9456f,1.0102f,0f,0f,0f,1f],start_interpolation: 0,interpolation_duration: 1}
$data merge entity $(bone_right_arm_hazmat) {transformation: [-0.9426f,-0.3221f,0.0878f,-0.5497f,-0.3338f,0.9107f,-0.2434f,-2.1064f,-0.0015f,-0.2588f,-0.9659f,0.7806f,0f,0f,0f,1f],start_interpolation: 0,interpolation_duration: 1}
$data merge entity $(bone_left_arm_hazmat) {transformation: [-0.6255f,-0.765f,0.1535f,0.1727f,-0.7421f,0.5225f,-0.4199f,-1.8095f,0.241f,-0.3765f,-0.8945f,0.7619f,0f,0f,0f,1f],start_interpolation: 0,interpolation_duration: 1}
$data merge entity $(bone_helmet) {transformation: [-0.9675f,-0.0919f,0.2355f,-0.1917f,-0.2224f,0.7523f,-0.6202f,-1.9907f,-0.1201f,-0.6524f,-0.7483f,0.7831f,0f,0f,0f,1f],start_interpolation: 0,interpolation_duration: 1}
$data merge entity $(bone_upper) {transformation: [-0.9247f,-0.3617f,0.1189f,0.0746f,-0.38f,0.857f,-0.3481f,-2.5412f,0.024f,-0.367f,-0.9299f,1.0232f,0f,0f,0f,1f],start_interpolation: 0,interpolation_duration: 1}
data modify entity @s data merge value {"cameras":{},"locators":{"camera":{"posx":-0.3290664012700941,"posy":-1.6452132239446076,"posz":0.9588145047326058,"roty":7.288753823245742,"rotx":-20.369072696543185}}}