# This file was generated by Animated Java via MC-Build. It is not recommended to edit this file directly.
$data merge entity $(bone_knife) {transformation: [-0.9996f,0.0132f,0.025f,-0.5793f,0.014f,0.9994f,0.0303f,-2.085f,-0.0246f,0.0306f,-0.9992f,-0.0265f,0f,0f,0f,1f],start_interpolation: 0,interpolation_duration: 1}
$data merge entity $(bone_right_arm) {transformation: [-0.9996f,0.0132f,0.025f,-0.375f,0.014f,0.9994f,0.0303f,-0.8686f,-0.0246f,0.0306f,-0.9992f,-0.0157f,0f,0f,0f,1f],start_interpolation: 0,interpolation_duration: 1}
$data merge entity $(bone_right_leg_hazmat) {transformation: [-0.5023f,-0.8034f,0.3197f,-0.0375f,-0.8409f,0.3678f,-0.3969f,-2.905f,0.2013f,-0.4682f,-0.8604f,1.0259f,0f,0f,0f,1f],start_interpolation: 0,interpolation_duration: 1}
$data merge entity $(bone_left_leg_hazmat) {transformation: [-0.5312f,-0.7443f,-0.4049f,0.1571f,-0.8296f,0.5539f,0.0702f,-2.6268f,0.172f,0.3732f,-0.9117f,0.9723f,0f,0f,0f,1f],start_interpolation: 0,interpolation_duration: 1}
$data merge entity $(bone_right_arm_hazmat) {transformation: [-0.7823f,-0.6067f,0.141f,-0.6544f,-0.6224f,0.7523f,-0.2161f,-2.5099f,0.025f,-0.2569f,-0.9661f,0.7881f,0f,0f,0f,1f],start_interpolation: 0,interpolation_duration: 1}
$data merge entity $(bone_left_arm_hazmat) {transformation: [-0.2697f,-0.9322f,0.2414f,-0.0658f,-0.9267f,0.1832f,-0.3281f,-1.9972f,0.2616f,-0.3122f,-0.9133f,0.7551f,0f,0f,0f,1f],start_interpolation: 0,interpolation_duration: 1}
$data merge entity $(bone_helmet) {transformation: [-0.8571f,-0.3329f,0.3932f,-0.3521f,-0.506f,0.6871f,-0.5214f,-2.2858f,-0.0966f,-0.6459f,-0.7573f,0.7823f,0f,0f,0f,1f],start_interpolation: 0,interpolation_duration: 1}
$data merge entity $(bone_upper) {transformation: [-0.7533f,-0.6323f,0.181f,0.0864f,-0.6563f,0.705f,-0.2687f,-2.728f,0.0423f,-0.3212f,-0.9461f,0.9918f,0f,0f,0f,1f],start_interpolation: 0,interpolation_duration: 1}
data modify entity @s data merge value {"cameras":{},"locators":{"camera":{"posx":-0.5842340893727594,"posy":-2.0069358949759675,"posz":0.9757404495553778,"roty":10.83273014234706,"rotx":-15.588555717325292}}}