# This file was generated by Animated Java via MC-Build. It is not recommended to edit this file directly.
$data merge entity $(bone_head) {transformation: [-0.9871f,0.0611f,-0.1478f,0.0018f,-0.0158f,0.8826f,0.4699f,-0.8291f,0.1591f,0.4662f,-0.8703f,0.0894f,0f,0f,0f,1f],start_interpolation: 0,interpolation_duration: 1}
$data merge entity $(bone_knife) {transformation: [-0.9999f,-0.0026f,0.0137f,-0.5579f,0.0012f,0.9631f,0.269f,-2.0107f,-0.0139f,0.269f,-0.963f,-0.2162f,0f,0f,0f,1f],start_interpolation: 0,interpolation_duration: 1}
$data merge entity $(bone_right_arm) {transformation: [-0.9999f,-0.0026f,0.0137f,-0.3731f,0.0012f,0.9631f,0.269f,-0.8287f,-0.0139f,0.269f,-0.963f,0.0842f,0f,0f,0f,1f],start_interpolation: 0,interpolation_duration: 1}
$data merge entity $(bone_left_arm) {transformation: [-0.9999f,0.0093f,0.0104f,0.3768f,0.0012f,0.7997f,-0.6003f,-0.8296f,-0.0139f,-0.6003f,-0.7997f,0.0946f,0f,0f,0f,1f],start_interpolation: 0,interpolation_duration: 1}
$data merge entity $(bone_torso) {transformation: [-0.9999f,0.0017f,0.0139f,0f,0.0012f,0.9995f,-0.0331f,-1.9066f,-0.0139f,-0.033f,-0.9994f,0.125f,0f,0f,0f,1f],start_interpolation: 0,interpolation_duration: 1}
$data merge entity $(bone_right_leg) {transformation: [-1f,0f,0f,-0.2344f,0f,0.9981f,0.061f,-1.9061f,0f,0.061f,-0.9981f,0.0937f,0f,0f,0f,1f],start_interpolation: 0,interpolation_duration: 1}
$data merge entity $(bone_left_leg) {transformation: [-1f,0f,0f,0.2344f,0f,0.9917f,-0.1284f,-2.0271f,0f,-0.1284f,-0.9917f,0.1208f,0f,0f,0f,1f],start_interpolation: 0,interpolation_duration: 1}
$data merge entity $(bone_right_leg_hazmat) {transformation: [-0.9995f,0.0306f,-0.0021f,-0.2188f,0.0306f,0.9994f,-0.0129f,-2.3125f,0.0017f,-0.013f,-0.9999f,1.0625f,0f,0f,0f,1f],start_interpolation: 0,interpolation_duration: 1}
$data merge entity $(bone_left_leg_hazmat) {transformation: [-0.999f,-0.0435f,-0.0034f,0.125f,-0.0436f,0.996f,0.0784f,-2.3125f,0f,0.0785f,-0.9969f,1.0625f,0f,0f,0f,1f],start_interpolation: 0,interpolation_duration: 1}
$data merge entity $(bone_right_arm_hazmat) {transformation: [-0.9976f,0.0696f,-0.0049f,-0.4063f,0.0698f,0.9951f,-0.0696f,-1.625f,0f,-0.0698f,-0.9976f,1.0625f,0f,0f,0f,1f],start_interpolation: 0,interpolation_duration: 1}
$data merge entity $(bone_left_arm_hazmat) {transformation: [-0.9976f,-0.0696f,0.0049f,0.375f,-0.0698f,0.9951f,-0.0696f,-1.625f,0f,-0.0698f,-0.9976f,1.0625f,0f,0f,0f,1f],start_interpolation: 0,interpolation_duration: 1}
$data merge entity $(bone_helmet) {transformation: [-1f,0f,0f,-0.0313f,0f,0.9957f,0.0927f,-1.6562f,0f,0.0927f,-0.9957f,1.0625f,0f,0f,0f,1f],start_interpolation: 0,interpolation_duration: 1}
data modify entity @s data merge value {"cameras":{},"locators":{"left_arm_grab":{"posx":0.5766343436687513,"posy":-1.911983135662127,"posz":0.9097938212245933,"roty":0.7440556439872239,"rotx":-36.894808521576145}}}