# This file was generated by Animated Java via MC-Build. It is not recommended to edit this file directly.
$data merge entity $(bone_knife) {transformation: [-0.9996f,0.0137f,0.0248f,-0.5799f,0.014f,0.9999f,0.0102f,-2.0849f,-0.0246f,0.0105f,-0.9996f,-0.0019f,0f,0f,0f,1f],start_interpolation: 0,interpolation_duration: 1}
$data merge entity $(bone_right_arm) {transformation: [-0.9996f,0.0137f,0.0248f,-0.375f,0.014f,0.9999f,0.0102f,-0.8686f,-0.0246f,0.0105f,-0.9996f,-0.0157f,0f,0f,0f,1f],start_interpolation: 0,interpolation_duration: 1}
$data merge entity $(bone_right_leg_hazmat) {transformation: [-0.0207f,-0.9115f,0.4108f,0.0496f,-0.9788f,-0.0653f,-0.1943f,-3.1098f,0.204f,-0.4061f,-0.8908f,0.9787f,0f,0f,0f,1f],start_interpolation: 0,interpolation_duration: 1}
$data merge entity $(bone_left_leg_hazmat) {transformation: [-0.0565f,-0.8805f,-0.4707f,0.0833f,-0.9828f,0.132f,-0.1289f,-2.7723f,0.1756f,0.4554f,-0.8728f,0.9228f,0f,0f,0f,1f],start_interpolation: 0,interpolation_duration: 1}
$data merge entity $(bone_right_arm_hazmat) {transformation: [-0.3323f,-0.8996f,0.2834f,-0.6908f,-0.9406f,0.2938f,-0.1701f,-3.086f,0.0698f,-0.3231f,-0.9438f,0.7985f,0f,0f,0f,1f],start_interpolation: 0,interpolation_duration: 1}
$data merge entity $(bone_left_arm_hazmat) {transformation: [0.341f,-0.8884f,0.3073f,-0.45f,-0.9023f,-0.4011f,-0.1582f,-2.3446f,0.2638f,-0.2233f,-0.9384f,0.7461f,0f,0f,0f,1f],start_interpolation: 0,interpolation_duration: 1}
$data merge entity $(bone_helmet) {transformation: [-0.4886f,-0.6764f,0.5512f,-0.5463f,-0.8705f,0.4207f,-0.2554f,-2.739f,-0.0591f,-0.6046f,-0.7943f,0.7811f,0f,0f,0f,1f],start_interpolation: 0,interpolation_duration: 1}
$data merge entity $(bone_upper) {transformation: [-0.3081f,-0.926f,0.2183f,0.071f,-0.949f,0.283f,-0.1391f,-2.895f,0.067f,-0.25f,-0.9659f,0.9431f,0f,0f,0f,1f],start_interpolation: 0,interpolation_duration: 1}
data modify entity @s data merge value {"cameras":{},"locators":{"camera":{"posx":-0.8721784568295183,"posy":-2.6176353885727117,"posz":1.0006129788064142,"roty":12.734146679322919,"rotx":-7.993651232073066}}}