# This file was generated by Animated Java via MC-Build. It is not recommended to edit this file directly.
$data merge entity $(bone_right_leg_hazmat) {transformation: [0.0229f,-0.9089f,0.4163f,0.0591f,-0.9753f,-0.1119f,-0.1905f,-3.1099f,0.2197f,-0.4017f,-0.889f,0.9822f,0f,0f,0f,1f],start_interpolation: 0,interpolation_duration: 1}
$data merge entity $(bone_left_leg_hazmat) {transformation: [-0.032f,-0.8838f,-0.4667f,0.0778f,-0.979f,0.1218f,-0.1636f,-2.7722f,0.2014f,0.4517f,-0.8691f,0.9208f,0f,0f,0f,1f],start_interpolation: 0,interpolation_duration: 1}
$data merge entity $(bone_right_arm_hazmat) {transformation: [-0.3125f,-0.8151f,0.4878f,-0.693f,-0.9452f,0.2158f,-0.2448f,-3.0752f,0.0943f,-0.5376f,-0.8379f,0.7962f,0f,0f,0f,1f],start_interpolation: 0,interpolation_duration: 1}
$data merge entity $(bone_left_arm_hazmat) {transformation: [0.2021f,-0.9321f,0.3006f,-0.442f,-0.9525f,-0.2584f,-0.1609f,-2.337f,0.2277f,-0.2538f,-0.9401f,0.7465f,0f,0f,0f,1f],start_interpolation: 0,interpolation_duration: 1}
$data merge entity $(bone_helmet) {transformation: [-0.4521f,-0.768f,0.4537f,-0.5437f,-0.8902f,0.4204f,-0.1754f,-2.7301f,-0.056f,-0.4832f,-0.8737f,0.7802f,0f,0f,0f,1f],start_interpolation: 0,interpolation_duration: 1}
$data merge entity $(bone_upper) {transformation: [-0.3212f,-0.9214f,0.2186f,0.071f,-0.9449f,0.2963f,-0.1393f,-2.895f,0.0636f,-0.2513f,-0.9658f,0.9431f,0f,0f,0f,1f],start_interpolation: 0,interpolation_duration: 1}
data modify entity @s data merge value {"cameras":{},"locators":{"camera":{"posx":-0.868436187852801,"posy":-2.6049504717938565,"posz":0.9992668538153671,"roty":12.752814223321508,"rotx":-8.007699288367395}}}