# This file was generated by Animated Java via MC-Build. It is not recommended to edit this file directly.
$data merge entity $(bone_right_leg_hazmat) {transformation: [0.033f,-0.908f,0.4177f,0.0614f,-0.9742f,-0.1227f,-0.1896f,-3.1099f,0.2234f,-0.4006f,-0.8886f,0.983f,0f,0f,0f,1f],start_interpolation: 0,interpolation_duration: 1}
$data merge entity $(bone_left_leg_hazmat) {transformation: [-0.0412f,-0.8842f,-0.4652f,0.0765f,-0.9758f,0.1358f,-0.1717f,-2.7723f,0.215f,0.4469f,-0.8684f,0.9203f,0f,0f,0f,1f],start_interpolation: 0,interpolation_duration: 1}
$data merge entity $(bone_right_arm_hazmat) {transformation: [-0.2922f,-0.7443f,0.6005f,-0.6929f,-0.9499f,0.153f,-0.2726f,-3.0755f,0.111f,-0.6501f,-0.7517f,0.7963f,0f,0f,0f,1f],start_interpolation: 0,interpolation_duration: 1}
$data merge entity $(bone_left_arm_hazmat) {transformation: [-0.3588f,-0.8871f,0.2903f,-0.4423f,-0.9324f,0.3258f,-0.1566f,-2.3372f,0.0443f,-0.3269f,-0.944f,0.7465f,0f,0f,0f,1f],start_interpolation: 0,interpolation_duration: 1}
$data merge entity $(bone_helmet) {transformation: [-0.2978f,-0.9523f,0.0668f,-0.5438f,-0.9539f,0.2996f,0.0172f,-2.7304f,-0.0364f,-0.0586f,-0.9976f,0.7802f,0f,0f,0f,1f],start_interpolation: 0,interpolation_duration: 1}
$data merge entity $(bone_upper) {transformation: [-0.3208f,-0.9216f,0.2186f,0.071f,-0.945f,0.2959f,-0.1393f,-2.895f,0.0637f,-0.2512f,-0.9658f,0.9431f,0f,0f,0f,1f],start_interpolation: 0,interpolation_duration: 1}
data modify entity @s data merge value {"cameras":{},"locators":{"camera":{"posx":-0.8685638418977988,"posy":-2.6053730105724466,"posz":0.9993122027382906,"roty":12.752137116438519,"rotx":-8.007181551270474}}}