# This file was generated by Animated Java via MC-Build. It is not recommended to edit this file directly.
$data merge entity $(bone_right_leg_hazmat) {transformation: [0.0212f,-0.9091f,0.4161f,0.0588f,-0.9755f,-0.11f,-0.1907f,-3.1099f,0.2191f,-0.4018f,-0.8891f,0.9821f,0f,0f,0f,1f],start_interpolation: 0,interpolation_duration: 1}
$data merge entity $(bone_left_leg_hazmat) {transformation: [-0.0723f,-0.8816f,-0.4665f,0.078f,-0.9728f,0.1656f,-0.1622f,-2.7722f,0.2203f,0.442f,-0.8695f,0.9209f,0f,0f,0f,1f],start_interpolation: 0,interpolation_duration: 1}
$data merge entity $(bone_right_arm_hazmat) {transformation: [-0.2109f,-0.7339f,0.6457f,-0.6784f,-0.9681f,0.0655f,-0.2418f,-3.1358f,0.1352f,-0.6761f,-0.7243f,0.8088f,0f,0f,0f,1f],start_interpolation: 0,interpolation_duration: 1}
$data merge entity $(bone_left_arm_hazmat) {transformation: [-0.7482f,-0.5874f,0.3084f,-0.4857f,-0.649f,0.7446f,-0.1562f,-2.3815f,-0.1379f,-0.317f,-0.9384f,0.7441f,0f,0f,0f,1f],start_interpolation: 0,interpolation_duration: 1}
$data merge entity $(bone_helmet) {transformation: [-0.0597f,-0.9174f,-0.3934f,-0.5564f,-0.9982f,0.0544f,0.0246f,-2.7806f,-0.0011f,0.3942f,-0.919f,0.7854f,0f,0f,0f,1f],start_interpolation: 0,interpolation_duration: 1}
$data merge entity $(bone_upper) {transformation: [-0.2468f,-0.9443f,0.2176f,0.071f,-0.9655f,0.2204f,-0.1386f,-2.895f,0.0829f,-0.2443f,-0.9661f,0.9431f,0f,0f,0f,1f],start_interpolation: 0,interpolation_duration: 1}
data modify entity @s data merge value {"cameras":{},"locators":{"camera":{"posx":-0.8872792173764639,"posy":-2.67703713872107,"posz":1.0065103197133134,"roty":12.693528258245436,"rotx":-7.966109785719889}}}