# This file was generated by Animated Java via MC-Build. It is not recommended to edit this file directly.
$data merge entity $(bone_right_leg_hazmat) {transformation: [-0.0014f,-0.9107f,0.4132f,0.0538f,-0.9775f,-0.0859f,-0.1926f,-3.1099f,0.2109f,-0.4041f,-0.89f,0.9802f,0f,0f,0f,1f],start_interpolation: 0,interpolation_duration: 1}
$data merge entity $(bone_left_leg_hazmat) {transformation: [-0.1139f,-0.876f,-0.4686f,0.0809f,-0.9685f,0.2031f,-0.1443f,-2.7722f,0.2216f,0.4374f,-0.8715f,0.9219f,0f,0f,0f,1f],start_interpolation: 0,interpolation_duration: 1}
$data merge entity $(bone_right_arm_hazmat) {transformation: [-0.1373f,-0.752f,0.6447f,-0.6591f,-0.9787f,0.0026f,-0.2053f,-3.1945f,0.1527f,-0.6592f,-0.7363f,0.821f,0f,0f,0f,1f],start_interpolation: 0,interpolation_duration: 1}
$data merge entity $(bone_left_arm_hazmat) {transformation: [-0.7793f,-0.5404f,0.3171f,-0.525f,-0.6048f,0.7812f,-0.155f,-2.429f,-0.164f,-0.3125f,-0.9356f,0.741f,0f,0f,0f,1f],start_interpolation: 0,interpolation_duration: 1}
$data merge entity $(bone_helmet) {transformation: [0.0716f,-0.8416f,-0.5354f,-0.5647f,-0.9972f,-0.0491f,-0.0562f,-2.8315f,0.021f,0.5379f,-0.8427f,0.7901f,0f,0f,0f,1f],start_interpolation: 0,interpolation_duration: 1}
$data merge entity $(bone_upper) {transformation: [-0.1717f,-0.9606f,0.2186f,0.071f,-0.9798f,0.1434f,-0.1393f,-2.895f,0.1024f,-0.2381f,-0.9658f,0.9431f,0f,0f,0f,1f],start_interpolation: 0,interpolation_duration: 1}
data modify entity @s data merge value {"cameras":{},"locators":{"camera":{"posx":-0.900480116481558,"posy":-2.7494195080987223,"posz":1.0128468582733112,"roty":12.753389447608043,"rotx":-8.005363810811934}}}