# This file was generated by Animated Java via MC-Build. It is not recommended to edit this file directly.
$data merge entity $(bone_right_leg_hazmat) {transformation: [-0.0234f,-0.9115f,0.4105f,0.049f,-0.9789f,-0.0625f,-0.1946f,-3.1098f,0.203f,-0.4064f,-0.8908f,0.9785f,0f,0f,0f,1f],start_interpolation: 0,interpolation_duration: 1}
$data merge entity $(bone_left_leg_hazmat) {transformation: [-0.1547f,-0.8688f,-0.4704f,0.0836f,-0.9624f,0.24f,-0.1269f,-2.7723f,0.2231f,0.4331f,-0.8733f,0.9229f,0f,0f,0f,1f],start_interpolation: 0,interpolation_duration: 1}
$data merge entity $(bone_right_arm_hazmat) {transformation: [-0.142f,-0.7742f,0.6168f,-0.659f,-0.9786f,0.0162f,-0.205f,-3.1948f,0.1487f,-0.6327f,-0.76f,0.8211f,0f,0f,0f,1f],start_interpolation: 0,interpolation_duration: 1}
$data merge entity $(bone_left_arm_hazmat) {transformation: [-0.7284f,-0.6095f,0.313f,-0.5252f,-0.6718f,0.7252f,-0.1511f,-2.4293f,-0.1349f,-0.3203f,-0.9377f,0.741f,0f,0f,0f,1f],start_interpolation: 0,interpolation_duration: 1}
$data merge entity $(bone_helmet) {transformation: [0.0672f,-0.8488f,-0.5244f,-0.5648f,-0.9975f,-0.0462f,-0.0531f,-2.8318f,0.0208f,0.5266f,-0.8498f,0.7901f,0f,0f,0f,1f],start_interpolation: 0,interpolation_duration: 1}
$data merge entity $(bone_upper) {transformation: [-0.1712f,-0.9607f,0.2186f,0.071f,-0.9799f,0.143f,-0.1393f,-2.895f,0.1025f,-0.2381f,-0.9658f,0.9431f,0f,0f,0f,1f],start_interpolation: 0,interpolation_duration: 1}
data modify entity @s data merge value {"cameras":{},"locators":{"camera":{"posx":-0.9005421155175926,"posy":-2.749850615913077,"posz":1.0128819478284994,"roty":12.754121685017992,"rotx":-8.005801523698796}}}