# This file was generated by Animated Java via MC-Build. It is not recommended to edit this file directly.
$data merge entity $(bone_right_leg_hazmat) {transformation: [-0.0333f,-0.9117f,0.4094f,0.0468f,-0.9793f,-0.052f,-0.1955f,-3.1097f,0.1995f,-0.4074f,-0.8912f,0.9777f,0f,0f,0f,1f],start_interpolation: 0,interpolation_duration: 1}
$data merge entity $(bone_left_leg_hazmat) {transformation: [-0.1833f,-0.8627f,-0.4713f,0.0849f,-0.956f,0.2681f,-0.119f,-2.7724f,0.229f,0.4288f,-0.8739f,0.9234f,0f,0f,0f,1f],start_interpolation: 0,interpolation_duration: 1}
$data merge entity $(bone_right_arm_hazmat) {transformation: [-0.1585f,-0.7849f,0.599f,-0.6628f,-0.977f,0.0368f,-0.2102f,-3.1845f,0.143f,-0.6185f,-0.7726f,0.819f,0f,0f,0f,1f],start_interpolation: 0,interpolation_duration: 1}
$data merge entity $(bone_left_arm_hazmat) {transformation: [-0.6861f,-0.6587f,0.3088f,-0.5185f,-0.7189f,0.6788f,-0.1495f,-2.4206f,-0.1111f,-0.3245f,-0.9393f,0.7416f,0f,0f,0f,1f],start_interpolation: 0,interpolation_duration: 1}
$data merge entity $(bone_helmet) {transformation: [0.0406f,-0.8691f,-0.4929f,-0.5636f,-0.999f,-0.0271f,-0.0346f,-2.8227f,0.0167f,0.4938f,-0.8694f,0.7893f,0f,0f,0f,1f],start_interpolation: 0,interpolation_duration: 1}
$data merge entity $(bone_upper) {transformation: [-0.1846f,-0.9583f,0.2183f,0.071f,-0.9778f,0.1567f,-0.1391f,-2.895f,0.099f,-0.2391f,-0.9659f,0.9431f,0f,0f,0f,1f],start_interpolation: 0,interpolation_duration: 1}
data modify entity @s data merge value {"cameras":{},"locators":{"camera":{"posx":-0.8985995714486383,"posy":-2.736930956888849,"posz":1.0118170385126313,"roty":12.73414667933352,"rotx":-7.9936512321174416}}}