# This file was generated by Animated Java via MC-Build. It is not recommended to edit this file directly.
$data merge entity $(bone_head) {transformation: [-0.9848f,0.0522f,-0.1656f,0f,-0.0151f,0.9243f,0.3814f,-0.8292f,0.173f,0.3781f,-0.9094f,0.078f,0f,0f,0f,1f],start_interpolation: 0,interpolation_duration: 1}
$data merge entity $(bone_knife) {transformation: [-1f,0f,0f,-0.5625f,0f,0.9659f,0.2588f,-2.0145f,0f,0.2588f,-0.9659f,-0.2073f,0f,0f,0f,1f],start_interpolation: 0,interpolation_duration: 1}
$data merge entity $(bone_right_arm) {transformation: [-1f,0f,0f,-0.375f,0f,0.9659f,0.2588f,-0.8292f,0f,0.2588f,-0.9659f,0.078f,0f,0f,0f,1f],start_interpolation: 0,interpolation_duration: 1}
$data merge entity $(bone_left_arm) {transformation: [-1f,0f,0f,0.375f,0f,0.6428f,-0.766f,-0.8292f,0f,-0.766f,-0.6428f,0.078f,0f,0f,0f,1f],start_interpolation: 0,interpolation_duration: 1}
$data merge entity $(bone_torso) {transformation: [-1f,0f,0f,0f,0f,0.999f,-0.0436f,-1.9062f,0f,-0.0436f,-0.999f,0.125f,0f,0f,0f,1f],start_interpolation: 0,interpolation_duration: 1}
$data merge entity $(bone_right_leg) {transformation: [-1f,0f,0f,-0.2344f,0f,0.9998f,-0.0218f,-1.8944f,0f,-0.0218f,-0.9998f,0.0937f,0f,0f,0f,1f],start_interpolation: 0,interpolation_duration: 1}
$data merge entity $(bone_left_leg) {transformation: [-1f,0f,0f,0.2344f,0f,1f,0f,-2f,0f,0f,-1f,0.0938f,0f,0f,0f,1f],start_interpolation: 0,interpolation_duration: 1}
$data merge entity $(bone_right_leg_hazmat) {transformation: [-0.9996f,0.0274f,-0.0026f,-0.2188f,0.0274f,0.9995f,-0.0162f,-2.3125f,0.0021f,-0.0162f,-0.9999f,1.0625f,0f,0f,0f,1f],start_interpolation: 0,interpolation_duration: 1}
$data merge entity $(bone_left_leg_hazmat) {transformation: [-0.999f,-0.0434f,-0.0043f,0.125f,-0.0436f,0.9942f,0.0979f,-2.3125f,0f,0.098f,-0.9952f,1.0625f,0f,0f,0f,1f],start_interpolation: 0,interpolation_duration: 1}
$data merge entity $(bone_right_arm_hazmat) {transformation: [-0.999f,0.0435f,-0.0038f,-0.4063f,0.0436f,0.9952f,-0.0871f,-1.625f,0f,-0.0872f,-0.9962f,1.0625f,0f,0f,0f,1f],start_interpolation: 0,interpolation_duration: 1}
$data merge entity $(bone_left_arm_hazmat) {transformation: [-0.999f,-0.0435f,0.0038f,0.375f,-0.0436f,0.9952f,-0.0871f,-1.625f,0f,-0.0872f,-0.9962f,1.0625f,0f,0f,0f,1f],start_interpolation: 0,interpolation_duration: 1}
$data merge entity $(bone_helmet) {transformation: [-1f,0f,0f,-0.0313f,0f,0.9962f,0.0872f,-1.6562f,0f,0.0872f,-0.9962f,1.0625f,0f,0f,0f,1f],start_interpolation: 0,interpolation_duration: 1}
data modify entity @s data merge value {"cameras":{},"locators":{"left_arm_grab":{"posx":0.5874999999999999,"posy":-1.6989231204641582,"posz":1.1145267350921142,"roty":0,"rotx":-50}}}