# This file was generated by Animated Java via MC-Build. It is not recommended to edit this file directly.
$data merge entity $(bone_head) {transformation: [-0.9847f,0.1526f,-0.0841f,0.0281f,0.0242f,0.598f,0.8011f,-0.9084f,0.1725f,0.7868f,-0.5926f,-0.0187f,0f,0f,0f,1f],start_interpolation: 0,interpolation_duration: 1}
$data merge entity $(bone_knife) {transformation: [-0.9989f,0.0399f,0.0264f,-0.5834f,0.0403f,0.999f,0.0184f,-2.1091f,-0.0256f,0.0194f,-0.9995f,-0.0164f,0f,0f,0f,1f],start_interpolation: 0,interpolation_duration: 1}
$data merge entity $(bone_right_arm) {transformation: [-0.9989f,0.0399f,0.0264f,-0.3467f,0.0403f,0.999f,0.0184f,-0.8986f,-0.0256f,0.0194f,-0.9995f,-0.0192f,0f,0f,0f,1f],start_interpolation: 0,interpolation_duration: 1}
$data merge entity $(bone_left_arm) {transformation: [-0.9987f,0.049f,0.0103f,0.4019f,0.0472f,0.9899f,-0.1338f,-0.9612f,-0.0168f,-0.1332f,-0.991f,-0.0351f,0f,0f,0f,1f],start_interpolation: 0,interpolation_duration: 1}
$data merge entity $(bone_torso) {transformation: [-0.9997f,0.0261f,-0.0021f,0f,0.0262f,0.9922f,-0.1217f,-1.9781f,-0.0011f,-0.1217f,-0.9926f,0.1125f,0f,0f,0f,1f],start_interpolation: 0,interpolation_duration: 1}
$data merge entity $(bone_left_leg) {transformation: [-1f,0f,0f,0.2344f,0f,0.987f,0.1607f,-2.0875f,0f,0.1607f,-0.987f,0.0969f,0f,0f,0f,1f],start_interpolation: 0,interpolation_duration: 1}
$data merge entity $(bone_right_leg_hazmat) {transformation: [-0.0333f,-0.9117f,0.4094f,0.0468f,-0.9793f,-0.052f,-0.1955f,-3.1097f,0.1995f,-0.4075f,-0.8912f,0.9777f,0f,0f,0f,1f],start_interpolation: 0,interpolation_duration: 1}
$data merge entity $(bone_left_leg_hazmat) {transformation: [-0.1833f,-0.8627f,-0.4713f,0.0849f,-0.956f,0.2681f,-0.119f,-2.7724f,0.229f,0.4288f,-0.8739f,0.9234f,0f,0f,0f,1f],start_interpolation: 0,interpolation_duration: 1}
$data merge entity $(bone_right_arm_hazmat) {transformation: [-0.1585f,-0.7849f,0.599f,-0.6628f,-0.977f,0.0368f,-0.2102f,-3.1845f,0.143f,-0.6185f,-0.7726f,0.819f,0f,0f,0f,1f],start_interpolation: 0,interpolation_duration: 1}
$data merge entity $(bone_helmet) {transformation: [0.1974f,-0.8472f,-0.4932f,-0.5636f,-0.9776f,-0.2077f,-0.0345f,-2.8227f,-0.0732f,0.489f,-0.8692f,0.7893f,0f,0f,0f,1f],start_interpolation: 0,interpolation_duration: 1}
data modify entity @s data merge value {"cameras":{},"locators":{"left_arm_grab":{"posx":0.547825600731978,"posy":-2.3106248782160317,"posz":0.14868707402462747,"roty":0.5972811143363685,"rotx":-7.690711982277295}}}