# This file was generated by Animated Java via MC-Build. It is not recommended to edit this file directly.
$data merge entity $(bone_head) {transformation: [-0.984f,0.1669f,-0.0622f,0.0563f,0.0484f,0.5869f,0.8082f,-0.949f,0.1714f,0.7923f,-0.5856f,-0.0217f,0f,0f,0f,1f],start_interpolation: 0,interpolation_duration: 1}
$data merge entity $(bone_knife) {transformation: [-0.9974f,0.0659f,0.0285f,-0.5864f,0.0667f,0.9974f,0.0265f,-2.1333f,-0.0266f,0.0283f,-0.9992f,-0.0308f,0f,0f,0f,1f],start_interpolation: 0,interpolation_duration: 1}
$data merge entity $(bone_right_arm) {transformation: [-0.9974f,0.0659f,0.0285f,-0.3182f,0.0667f,0.9974f,0.0265f,-0.9294f,-0.0266f,0.0283f,-0.9992f,-0.0226f,0f,0f,0f,1f],start_interpolation: 0,interpolation_duration: 1}
$data merge entity $(bone_left_arm) {transformation: [-0.995f,0.0989f,0.0156f,0.4264f,0.0945f,0.9789f,-0.1811f,-1.0542f,-0.0332f,-0.1788f,-0.9833f,-0.0552f,0f,0f,0f,1f],start_interpolation: 0,interpolation_duration: 1}
$data merge entity $(bone_torso) {transformation: [-0.9986f,0.0522f,-0.0037f,0f,0.0523f,0.9922f,-0.1129f,-2.0188f,-0.0023f,-0.1129f,-0.9936f,0.1f,0f,0f,0f,1f],start_interpolation: 0,interpolation_duration: 1}
$data merge entity $(bone_left_leg) {transformation: [-1f,0f,0f,0.2344f,0f,0.9483f,0.3173f,-2.175f,0f,0.3173f,-0.9483f,0.1f,0f,0f,0f,1f],start_interpolation: 0,interpolation_duration: 1}
$data merge entity $(bone_right_leg_hazmat) {transformation: [-0.0333f,-0.9117f,0.4094f,0.0468f,-0.9793f,-0.052f,-0.1955f,-3.1097f,0.1995f,-0.4075f,-0.8912f,0.9777f,0f,0f,0f,1f],start_interpolation: 0,interpolation_duration: 1}
$data merge entity $(bone_left_leg_hazmat) {transformation: [-0.1833f,-0.8627f,-0.4713f,0.0849f,-0.956f,0.2681f,-0.119f,-2.7724f,0.229f,0.4288f,-0.8739f,0.9234f,0f,0f,0f,1f],start_interpolation: 0,interpolation_duration: 1}
$data merge entity $(bone_right_arm_hazmat) {transformation: [-0.1585f,-0.7849f,0.599f,-0.6628f,-0.977f,0.0368f,-0.2102f,-3.1845f,0.143f,-0.6185f,-0.7726f,0.819f,0f,0f,0f,1f],start_interpolation: 0,interpolation_duration: 1}
$data merge entity $(bone_helmet) {transformation: [0.1909f,-0.8489f,-0.4929f,-0.5636f,-0.9792f,-0.2002f,-0.0346f,-2.8227f,-0.0693f,0.4892f,-0.8694f,0.7893f,0f,0f,0f,1f],start_interpolation: 0,interpolation_duration: 1}
data modify entity @s data merge value {"cameras":{},"locators":{"left_arm_grab":{"posx":0.5039225275700798,"posy":-2.398827329637252,"posz":0.19375942875409613,"roty":0.9084316255998601,"rotx":-10.436481050122474}}}