# This file was generated by Animated Java via MC-Build. It is not recommended to edit this file directly.
$data merge entity $(bone_head) {transformation: [-0.9827f,0.1807f,-0.04f,0.0844f,0.0726f,0.5753f,0.8147f,-0.9904f,0.1703f,0.7977f,-0.5785f,-0.0247f,0f,0f,0f,1f],start_interpolation: 0,interpolation_duration: 1}
$data merge entity $(bone_knife) {transformation: [-0.9953f,0.0919f,0.031f,-0.589f,0.0929f,0.9951f,0.0345f,-2.1574f,-0.0276f,0.0372f,-0.9989f,-0.0453f,0f,0f,0f,1f],start_interpolation: 0,interpolation_duration: 1}
$data merge entity $(bone_right_arm) {transformation: [-0.9953f,0.0919f,0.031f,-0.2894f,0.0929f,0.9951f,0.0345f,-0.961f,-0.0276f,0.0372f,-0.9989f,-0.026f,0f,0f,0f,1f],start_interpolation: 0,interpolation_duration: 1}
$data merge entity $(bone_left_arm) {transformation: [-0.9887f,0.1493f,0.0156f,0.4484f,0.1418f,0.9631f,-0.2286f,-1.1475f,-0.0492f,-0.2238f,-0.9734f,-0.076f,0f,0f,0f,1f],start_interpolation: 0,interpolation_duration: 1}
$data merge entity $(bone_torso) {transformation: [-0.9969f,0.0783f,-0.0048f,0f,0.0784f,0.9915f,-0.104f,-2.0594f,-0.0034f,-0.1041f,-0.9946f,0.0875f,0f,0f,0f,1f],start_interpolation: 0,interpolation_duration: 1}
$data merge entity $(bone_left_leg) {transformation: [-1f,0f,0f,0.2344f,0f,0.885f,0.4656f,-2.2625f,0f,0.4656f,-0.885f,0.1031f,0f,0f,0f,1f],start_interpolation: 0,interpolation_duration: 1}
$data merge entity $(bone_right_leg_hazmat) {transformation: [-0.0333f,-0.9117f,0.4094f,0.0468f,-0.9793f,-0.052f,-0.1955f,-3.1097f,0.1995f,-0.4075f,-0.8912f,0.9777f,0f,0f,0f,1f],start_interpolation: 0,interpolation_duration: 1}
$data merge entity $(bone_left_leg_hazmat) {transformation: [-0.1833f,-0.8627f,-0.4713f,0.0849f,-0.956f,0.2681f,-0.119f,-2.7724f,0.229f,0.4288f,-0.8739f,0.9234f,0f,0f,0f,1f],start_interpolation: 0,interpolation_duration: 1}
$data merge entity $(bone_right_arm_hazmat) {transformation: [-0.1585f,-0.7849f,0.599f,-0.6628f,-0.977f,0.0368f,-0.2102f,-3.1845f,0.143f,-0.6186f,-0.7726f,0.819f,0f,0f,0f,1f],start_interpolation: 0,interpolation_duration: 1}
data modify entity @s data merge value {"cameras":{},"locators":{"left_arm_grab":{"posx":0.4565049269178789,"posy":-2.4808686345534596,"posz":0.23726057806905182,"roty":0.9207426830318752,"rotx":-13.215441651656633}}}