# This file was generated by Animated Java via MC-Build. It is not recommended to edit this file directly.
$data merge entity $(bone_head) {transformation: [-0.9808f,0.194f,-0.0175f,0.1125f,0.0968f,0.5635f,0.8205f,-1.0327f,0.1691f,0.803f,-0.5714f,-0.0277f,0f,0f,0f,1f],start_interpolation: 0,interpolation_duration: 1}
$data merge entity $(bone_knife) {transformation: [-0.9925f,0.1178f,0.0339f,-0.5911f,0.1192f,0.992f,0.0423f,-2.1815f,-0.0286f,0.0461f,-0.9985f,-0.0597f,0f,0f,0f,1f],start_interpolation: 0,interpolation_duration: 1}
$data merge entity $(bone_right_arm) {transformation: [-0.9925f,0.1178f,0.0339f,-0.2604f,0.1192f,0.992f,0.0423f,-0.9935f,-0.0286f,0.0461f,-0.9985f,-0.0294f,0f,0f,0f,1f],start_interpolation: 0,interpolation_duration: 1}
$data merge entity $(bone_left_arm) {transformation: [-0.9798f,0.1995f,0.0104f,0.468f,0.189f,0.9425f,-0.2757f,-1.2411f,-0.0648f,-0.2682f,-0.9612f,-0.0976f,0f,0f,0f,1f],start_interpolation: 0,interpolation_duration: 1}
$data merge entity $(bone_torso) {transformation: [-0.9945f,0.1044f,-0.0055f,0f,0.1044f,0.99f,-0.0952f,-2.1f,-0.0045f,-0.0953f,-0.9954f,0.075f,0f,0f,0f,1f],start_interpolation: 0,interpolation_duration: 1}
$data merge entity $(bone_left_leg) {transformation: [-1f,0f,0f,0.2344f,0f,0.7986f,0.6018f,-2.35f,0f,0.6018f,-0.7986f,0.1063f,0f,0f,0f,1f],start_interpolation: 0,interpolation_duration: 1}
$data merge entity $(bone_right_leg_hazmat) {transformation: [-0.0333f,-0.9117f,0.4094f,0.0468f,-0.9793f,-0.052f,-0.1955f,-3.1097f,0.1995f,-0.4075f,-0.8912f,0.9777f,0f,0f,0f,1f],start_interpolation: 0,interpolation_duration: 1}
$data merge entity $(bone_left_leg_hazmat) {transformation: [-0.1833f,-0.8627f,-0.4713f,0.0849f,-0.956f,0.2681f,-0.119f,-2.7724f,0.229f,0.4288f,-0.8739f,0.9234f,0f,0f,0f,1f],start_interpolation: 0,interpolation_duration: 1}
$data merge entity $(bone_right_arm_hazmat) {transformation: [-0.1585f,-0.7849f,0.599f,-0.6628f,-0.977f,0.0368f,-0.2102f,-3.1845f,0.143f,-0.6186f,-0.7726f,0.819f,0f,0f,0f,1f],start_interpolation: 0,interpolation_duration: 1}
data modify entity @s data merge value {"cameras":{},"locators":{"left_arm_grab":{"posx":0.40631961990921445,"posy":-2.556511112241737,"posz":0.2790340537868644,"roty":0.6199404371093635,"rotx":-16.004164947683336}}}