# This file was generated by Animated Java via MC-Build. It is not recommended to edit this file directly.
$data merge entity $(bone_head) {transformation: [-0.9784f,0.2069f,0.0052f,0.1406f,0.1209f,0.5512f,0.8255f,-1.0758f,0.1679f,0.8083f,-0.5643f,-0.0307f,0f,0f,0f,1f],start_interpolation: 0,interpolation_duration: 1}
$data merge entity $(bone_knife) {transformation: [-0.9889f,0.1435f,0.0373f,-0.5927f,0.1453f,0.9881f,0.0501f,-2.2055f,-0.0296f,0.0549f,-0.9981f,-0.0741f,0f,0f,0f,1f],start_interpolation: 0,interpolation_duration: 1}
$data merge entity $(bone_right_arm) {transformation: [-0.9889f,0.1435f,0.0373f,-0.2312f,0.1453f,0.9881f,0.0501f,-1.0269f,-0.0296f,0.0549f,-0.9981f,-0.0328f,0f,0f,0f,1f],start_interpolation: 0,interpolation_duration: 1}
$data merge entity $(bone_left_arm) {transformation: [-0.9685f,0.249f,-0.0002f,0.4853f,0.2358f,0.9169f,-0.3219f,-1.3348f,-0.08f,-0.3118f,-0.9468f,-0.12f,0f,0f,0f,1f],start_interpolation: 0,interpolation_duration: 1}
$data merge entity $(bone_torso) {transformation: [-0.9914f,0.1304f,-0.0057f,0f,0.1304f,0.9877f,-0.0864f,-2.1406f,-0.0056f,-0.0864f,-0.9962f,0.0625f,0f,0f,0f,1f],start_interpolation: 0,interpolation_duration: 1}
$data merge entity $(bone_left_leg) {transformation: [-1f,0f,0f,0.2344f,0f,0.6915f,0.7224f,-2.4375f,0f,0.7224f,-0.6915f,0.1094f,0f,0f,0f,1f],start_interpolation: 0,interpolation_duration: 1}
$data merge entity $(bone_right_leg_hazmat) {transformation: [-0.0333f,-0.9117f,0.4094f,0.0468f,-0.9793f,-0.052f,-0.1955f,-3.1097f,0.1995f,-0.4075f,-0.8912f,0.9777f,0f,0f,0f,1f],start_interpolation: 0,interpolation_duration: 1}
$data merge entity $(bone_left_leg_hazmat) {transformation: [-0.1833f,-0.8627f,-0.4713f,0.0849f,-0.956f,0.2681f,-0.119f,-2.7724f,0.229f,0.4288f,-0.8739f,0.9234f,0f,0f,0f,1f],start_interpolation: 0,interpolation_duration: 1}
$data merge entity $(bone_right_arm_hazmat) {transformation: [-0.1585f,-0.7849f,0.599f,-0.6628f,-0.977f,0.0368f,-0.2102f,-3.1845f,0.143f,-0.6186f,-0.7726f,0.819f,0f,0f,0f,1f],start_interpolation: 0,interpolation_duration: 1}
data modify entity @s data merge value {"cameras":{},"locators":{"left_arm_grab":{"posx":0.35413765956168697,"posy":-2.6255964810247443,"posz":0.3189326794743432,"roty":359.9900891816379,"rotx":-18.77735258185624}}}