# This file was generated by Animated Java via MC-Build. It is not recommended to edit this file directly.
$data merge entity $(bone_head) {transformation: [-0.9753f,0.2191f,0.0281f,0.1686f,0.145f,0.5387f,0.8299f,-1.1197f,0.1667f,0.8135f,-0.5571f,-0.0336f,0f,0f,0f,1f],start_interpolation: 0,interpolation_duration: 1}
$data merge entity $(bone_knife) {transformation: [-0.9847f,0.1691f,0.041f,-0.5938f,0.1713f,0.9835f,0.0577f,-2.2294f,-0.0306f,0.0638f,-0.9975f,-0.0885f,0f,0f,0f,1f],start_interpolation: 0,interpolation_duration: 1}
$data merge entity $(bone_right_arm) {transformation: [-0.9847f,0.1691f,0.041f,-0.2018f,0.1713f,0.9835f,0.0577f,-1.0611f,-0.0306f,0.0638f,-0.9975f,-0.0362f,0f,0f,0f,1f],start_interpolation: 0,interpolation_duration: 1}
$data merge entity $(bone_left_arm) {transformation: [-0.9547f,0.2973f,-0.016f,0.5001f,0.2822f,0.8865f,-0.3666f,-1.4285f,-0.0948f,-0.3545f,-0.9302f,-0.143f,0f,0f,0f,1f],start_interpolation: 0,interpolation_duration: 1}
$data merge entity $(bone_torso) {transformation: [-0.9877f,0.1563f,-0.0055f,0f,0.1563f,0.9847f,-0.0777f,-2.1812f,-0.0068f,-0.0776f,-0.997f,0.05f,0f,0f,0f,1f],start_interpolation: 0,interpolation_duration: 1}
$data merge entity $(bone_left_leg) {transformation: [-1f,0f,0f,0.2344f,0f,0.5664f,0.8241f,-2.525f,0f,0.8241f,-0.5664f,0.1125f,0f,0f,0f,1f],start_interpolation: 0,interpolation_duration: 1}
$data merge entity $(bone_right_leg_hazmat) {transformation: [-0.0333f,-0.9117f,0.4094f,0.0468f,-0.9793f,-0.052f,-0.1955f,-3.1097f,0.1995f,-0.4075f,-0.8912f,0.9777f,0f,0f,0f,1f],start_interpolation: 0,interpolation_duration: 1}
$data merge entity $(bone_left_leg_hazmat) {transformation: [-0.1833f,-0.8627f,-0.4713f,0.0849f,-0.956f,0.2681f,-0.119f,-2.7724f,0.229f,0.4287f,-0.8739f,0.9234f,0f,0f,0f,1f],start_interpolation: 0,interpolation_duration: 1}
$data merge entity $(bone_right_arm_hazmat) {transformation: [-0.1585f,-0.7849f,0.599f,-0.6628f,-0.977f,0.0368f,-0.2102f,-3.1845f,0.143f,-0.6186f,-0.7726f,0.819f,0f,0f,0f,1f],start_interpolation: 0,interpolation_duration: 1}
data modify entity @s data merge value {"cameras":{},"locators":{"left_arm_grab":{"posx":0.3007454197762952,"posy":-2.6880488141613856,"posz":0.3568186668988216,"roty":359.01374019716786,"rotx":-21.50748768836729}}}