# This file was generated by Animated Java via MC-Build. It is not recommended to edit this file directly.
$data merge entity $(bone_head) {transformation: [-0.9716f,0.2309f,0.0513f,0.1964f,0.1689f,0.5258f,0.8336f,-1.1644f,0.1655f,0.8187f,-0.5499f,-0.0366f,0f,0f,0f,1f],start_interpolation: 0,interpolation_duration: 1}
$data merge entity $(bone_knife) {transformation: [-0.9799f,0.1945f,0.0453f,-0.5945f,0.1972f,0.9782f,0.0651f,-2.2534f,-0.0316f,0.0727f,-0.9969f,-0.1029f,0f,0f,0f,1f],start_interpolation: 0,interpolation_duration: 1}
$data merge entity $(bone_right_arm) {transformation: [-0.9799f,0.1945f,0.0453f,-0.1723f,0.1972f,0.9782f,0.0651f,-1.0961f,-0.0316f,0.0727f,-0.9969f,-0.0395f,0f,0f,0f,1f],start_interpolation: 0,interpolation_duration: 1}
$data merge entity $(bone_left_arm) {transformation: [-0.9384f,0.3437f,-0.0371f,0.5126f,0.328f,0.8514f,-0.4094f,-1.5222f,-0.1091f,-0.3963f,-0.9116f,-0.1668f,0f,0f,0f,1f],start_interpolation: 0,interpolation_duration: 1}
$data merge entity $(bone_torso) {transformation: [-0.9833f,0.1822f,-0.0048f,0f,0.1821f,0.9809f,-0.069f,-2.2219f,-0.0079f,-0.0687f,-0.9976f,0.0375f,0f,0f,0f,1f],start_interpolation: 0,interpolation_duration: 1}
$data merge entity $(bone_left_leg) {transformation: [-1f,0f,0f,0.2344f,0f,0.4266f,0.9045f,-2.6125f,0f,0.9045f,-0.4266f,0.1156f,0f,0f,0f,1f],start_interpolation: 0,interpolation_duration: 1}
$data merge entity $(bone_right_leg_hazmat) {transformation: [-0.0333f,-0.9117f,0.4094f,0.0468f,-0.9793f,-0.052f,-0.1955f,-3.1097f,0.1995f,-0.4075f,-0.8912f,0.9777f,0f,0f,0f,1f],start_interpolation: 0,interpolation_duration: 1}
$data merge entity $(bone_left_leg_hazmat) {transformation: [-0.1833f,-0.8627f,-0.4713f,0.0849f,-0.956f,0.2681f,-0.119f,-2.7724f,0.229f,0.4287f,-0.8739f,0.9234f,0f,0f,0f,1f],start_interpolation: 0,interpolation_duration: 1}
$data merge entity $(bone_right_arm_hazmat) {transformation: [-0.1585f,-0.7849f,0.599f,-0.6628f,-0.977f,0.0368f,-0.2102f,-3.1845f,0.143f,-0.6186f,-0.7726f,0.819f,0f,0f,0f,1f],start_interpolation: 0,interpolation_duration: 1}
data modify entity @s data merge value {"cameras":{},"locators":{"left_arm_grab":{"posx":0.24693532446394512,"posy":-2.743876493319395,"posz":0.39256360244450483,"roty":357.6724308850006,"rotx":-24.164473419504308}}}