# This file was generated by Animated Java via MC-Build. It is not recommended to edit this file directly.
$data merge entity $(bone_head) {transformation: [-0.9674f,0.2421f,0.0746f,0.2241f,0.1928f,0.5127f,0.8366f,-1.2099f,0.1643f,0.8237f,-0.5427f,-0.0395f,0f,0f,0f,1f],start_interpolation: 0,interpolation_duration: 1}
$data merge entity $(bone_knife) {transformation: [-0.9743f,0.2197f,0.0499f,-0.5947f,0.223f,0.9721f,0.0723f,-2.2773f,-0.0326f,0.0815f,-0.9961f,-0.1173f,0f,0f,0f,1f],start_interpolation: 0,interpolation_duration: 1}
$data merge entity $(bone_right_arm) {transformation: [-0.9743f,0.2197f,0.0499f,-0.1427f,0.223f,0.9721f,0.0723f,-1.132f,-0.0326f,0.0815f,-0.9961f,-0.0429f,0f,0f,0f,1f],start_interpolation: 0,interpolation_duration: 1}
$data merge entity $(bone_left_arm) {transformation: [-0.9196f,0.3877f,-0.0631f,0.5227f,0.3731f,0.8116f,-0.4496f,-1.6157f,-0.1231f,-0.437f,-0.891f,-0.1914f,0f,0f,0f,1f],start_interpolation: 0,interpolation_duration: 1}
$data merge entity $(bone_torso) {transformation: [-0.9781f,0.2079f,-0.0036f,0f,0.2077f,0.9763f,-0.0604f,-2.2625f,-0.009f,-0.0599f,-0.9982f,0.025f,0f,0f,0f,1f],start_interpolation: 0,interpolation_duration: 1}
$data merge entity $(bone_left_leg) {transformation: [-1f,0f,0f,0.2344f,0f,0.2756f,0.9613f,-2.7f,0f,0.9613f,-0.2756f,0.1188f,0f,0f,0f,1f],start_interpolation: 0,interpolation_duration: 1}
$data merge entity $(bone_right_leg_hazmat) {transformation: [-0.0333f,-0.9117f,0.4094f,0.0468f,-0.9793f,-0.052f,-0.1955f,-3.1097f,0.1995f,-0.4075f,-0.8912f,0.9777f,0f,0f,0f,1f],start_interpolation: 0,interpolation_duration: 1}
$data merge entity $(bone_left_leg_hazmat) {transformation: [-0.1833f,-0.8627f,-0.4713f,0.0849f,-0.956f,0.2681f,-0.119f,-2.7724f,0.229f,0.4287f,-0.8739f,0.9234f,0f,0f,0f,1f],start_interpolation: 0,interpolation_duration: 1}
$data merge entity $(bone_right_arm_hazmat) {transformation: [-0.1585f,-0.7849f,0.599f,-0.6628f,-0.977f,0.0368f,-0.2102f,-3.1845f,0.143f,-0.6186f,-0.7726f,0.819f,0f,0f,0f,1f],start_interpolation: 0,interpolation_duration: 1}
data modify entity @s data merge value {"cameras":{},"locators":{"left_arm_grab":{"posx":0.19349633200465216,"posy":-2.7931731142755805,"posz":0.4260483286721973,"roty":355.94766844387465,"rotx":-26.715308302120658}}}