# This file was generated by Animated Java via MC-Build. It is not recommended to edit this file directly.
$data merge entity $(bone_head) {transformation: [-0.9625f,0.2528f,0.0981f,0.2517f,0.2166f,0.4993f,0.8389f,-1.2562f,0.1631f,0.8287f,-0.5353f,-0.0425f,0f,0f,0f,1f],start_interpolation: 0,interpolation_duration: 1}
$data merge entity $(bone_knife) {transformation: [-0.968f,0.2447f,0.0549f,-0.5945f,0.2486f,0.9654f,0.0793f,-2.3012f,-0.0336f,0.0904f,-0.9953f,-0.1316f,0f,0f,0f,1f],start_interpolation: 0,interpolation_duration: 1}
$data merge entity $(bone_right_arm) {transformation: [-0.968f,0.2447f,0.0549f,-0.113f,0.2486f,0.9654f,0.0793f,-1.1688f,-0.0336f,0.0904f,-0.9953f,-0.0463f,0f,0f,0f,1f],start_interpolation: 0,interpolation_duration: 1}
$data merge entity $(bone_left_arm) {transformation: [-0.8985f,0.4288f,-0.094f,0.5306f,0.4172f,0.7675f,-0.4867f,-1.709f,-0.1366f,-0.4765f,-0.8685f,-0.2166f,0f,0f,0f,1f],start_interpolation: 0,interpolation_duration: 1}
$data merge entity $(bone_torso) {transformation: [-0.9724f,0.2334f,-0.002f,0f,0.2332f,0.971f,-0.052f,-2.3031f,-0.0102f,-0.051f,-0.9986f,0.0125f,0f,0f,0f,1f],start_interpolation: 0,interpolation_duration: 1}
$data merge entity $(bone_left_leg) {transformation: [-1f,0f,0f,0.2344f,0f,0.1175f,0.9931f,-2.7875f,0f,0.9931f,-0.1175f,0.1219f,0f,0f,0f,1f],start_interpolation: 0,interpolation_duration: 1}
$data merge entity $(bone_right_leg_hazmat) {transformation: [-0.0333f,-0.9117f,0.4094f,0.0468f,-0.9793f,-0.052f,-0.1955f,-3.1097f,0.1995f,-0.4075f,-0.8912f,0.9777f,0f,0f,0f,1f],start_interpolation: 0,interpolation_duration: 1}
$data merge entity $(bone_left_leg_hazmat) {transformation: [-0.1833f,-0.8627f,-0.4713f,0.0849f,-0.956f,0.2681f,-0.119f,-2.7724f,0.229f,0.4287f,-0.8739f,0.9234f,0f,0f,0f,1f],start_interpolation: 0,interpolation_duration: 1}
$data merge entity $(bone_right_arm_hazmat) {transformation: [-0.1585f,-0.7849f,0.599f,-0.6628f,-0.977f,0.0368f,-0.2102f,-3.1845f,0.143f,-0.6186f,-0.7726f,0.819f,0f,0f,0f,1f],start_interpolation: 0,interpolation_duration: 1}
data modify entity @s data merge value {"cameras":{},"locators":{"left_arm_grab":{"posx":0.1412042956895735,"posy":-2.8361173129060173,"posz":0.4571627274026814,"roty":353.82255107790246,"rotx":-29.123874709799555}}}