# This file was generated by Animated Java via MC-Build. It is not recommended to edit this file directly.
$data merge entity $(bone_head) {transformation: [-0.9848f,0.0522f,-0.1656f,0f,-0.0139f,0.9269f,0.3751f,-0.8305f,0.1731f,0.3717f,-0.9121f,0.0705f,0f,0f,0f,1f],start_interpolation: 0,interpolation_duration: 1}
$data merge entity $(bone_knife) {transformation: [-1f,0f,0f,-0.5625f,0f,0.9677f,0.2521f,-2.0178f,0f,0.2521f,-0.9677f,-0.2065f,0f,0f,0f,1f],start_interpolation: 0,interpolation_duration: 1}
$data merge entity $(bone_right_arm) {transformation: [-1f,0f,0f,-0.375f,0f,0.9677f,0.2521f,-0.8305f,0f,0.2521f,-0.9677f,0.0705f,0f,0f,0f,1f],start_interpolation: 0,interpolation_duration: 1}
$data merge entity $(bone_left_arm) {transformation: [-1f,0f,0f,0.375f,0f,0.6379f,-0.7701f,-0.8305f,0f,-0.7701f,-0.6379f,0.0705f,0f,0f,0f,1f],start_interpolation: 0,interpolation_duration: 1}
$data merge entity $(bone_torso) {transformation: [-1f,0f,0f,0f,0f,0.9987f,-0.0506f,-1.9072f,0f,-0.0506f,-0.9987f,0.125f,0f,0f,0f,1f],start_interpolation: 0,interpolation_duration: 1}
$data merge entity $(bone_right_leg_hazmat) {transformation: [-0.9997f,0.0241f,-0.003f,-0.2188f,0.0241f,0.9997f,0.0049f,-2.3125f,0.0031f,0.0048f,-1f,1.0625f,0f,0f,0f,1f],start_interpolation: 0,interpolation_duration: 1}
$data merge entity $(bone_left_leg_hazmat) {transformation: [-0.999f,-0.0433f,-0.0051f,0.125f,-0.0436f,0.989f,0.1415f,-2.3125f,-0.0011f,0.1416f,-0.9899f,1.0625f,0f,0f,0f,1f],start_interpolation: 0,interpolation_duration: 1}
$data merge entity $(bone_right_arm_hazmat) {transformation: [-0.999f,0.0435f,-0.0038f,-0.4063f,0.0436f,0.9951f,-0.0888f,-1.625f,-0.0001f,-0.0889f,-0.996f,1.0613f,0f,0f,0f,1f],start_interpolation: 0,interpolation_duration: 1}
$data merge entity $(bone_left_arm_hazmat) {transformation: [-0.999f,-0.0435f,0.0038f,0.375f,-0.0436f,0.9951f,-0.0888f,-1.625f,0.0001f,-0.0889f,-0.996f,1.0613f,0f,0f,0f,1f],start_interpolation: 0,interpolation_duration: 1}
$data merge entity $(bone_helmet) {transformation: [-1f,0f,0f,-0.0313f,0f,0.9963f,0.0855f,-1.6563f,0f,0.0855f,-0.9963f,1.0614f,0f,0f,0f,1f],start_interpolation: 0,interpolation_duration: 1}
$data merge entity $(bone_upper) {transformation: [-1f,0f,0f,0f,0f,1f,-0.0017f,-2.3125f,0f,-0.0017f,-1f,1.0625f,0f,0f,0f,1f],start_interpolation: 0,interpolation_duration: 1}
data modify entity @s data merge value {"cameras":{},"locators":{"left_arm_grab":{"posx":0.5874999999999999,"posy":-1.6937306417645444,"posz":1.1124669401084701,"roty":0,"rotx":-50.360937500000006},"camera":{"posx":-0.03125000000000017,"posy":-1.37449003506393,"posz":1.3609016683610071,"roty":0,"rotx":-0.09765625}}}