# This file was generated by Animated Java via MC-Build. It is not recommended to edit this file directly.
$data merge entity $(bone_head) {transformation: [-0.9571f,0.2629f,0.1217f,0.279f,0.2403f,0.4857f,0.8405f,-1.3034f,0.1618f,0.8337f,-0.528f,-0.0454f,0f,0f,0f,1f],start_interpolation: 0,interpolation_duration: 1}
$data merge entity $(bone_knife) {transformation: [-0.9611f,0.2695f,0.0603f,-0.5937f,0.274f,0.9579f,0.0861f,-2.3251f,-0.0346f,0.0992f,-0.9945f,-0.146f,0f,0f,0f,1f],start_interpolation: 0,interpolation_duration: 1}
$data merge entity $(bone_right_arm) {transformation: [-0.9611f,0.2695f,0.0603f,-0.0832f,0.274f,0.9579f,0.0861f,-1.2064f,-0.0346f,0.0992f,-0.9945f,-0.0497f,0f,0f,0f,1f],start_interpolation: 0,interpolation_duration: 1}
$data merge entity $(bone_left_arm) {transformation: [-0.875f,0.4665f,-0.1294f,0.5361f,0.4604f,0.7193f,-0.5203f,-1.8019f,-0.1496f,-0.5148f,-0.8441f,-0.2426f,0f,0f,0f,1f],start_interpolation: 0,interpolation_duration: 1}
$data merge entity $(bone_torso) {transformation: [-0.9659f,0.2588f,0f,0f,0.2586f,0.965f,-0.0436f,-2.3437f,-0.0113f,-0.0421f,-0.999f,0f,0f,0f,0f,1f],start_interpolation: 0,interpolation_duration: 1}
$data merge entity $(bone_left_leg) {transformation: [-1f,0f,0f,0.2344f,0f,-0.0436f,0.999f,-2.875f,0f,0.999f,0.0436f,0.125f,0f,0f,0f,1f],start_interpolation: 0,interpolation_duration: 1}
$data merge entity $(bone_right_leg_hazmat) {transformation: [-0.0333f,-0.9117f,0.4094f,0.0468f,-0.9793f,-0.052f,-0.1955f,-3.1097f,0.1995f,-0.4075f,-0.8912f,0.9777f,0f,0f,0f,1f],start_interpolation: 0,interpolation_duration: 1}
$data merge entity $(bone_left_leg_hazmat) {transformation: [-0.1833f,-0.8627f,-0.4713f,0.0849f,-0.956f,0.2681f,-0.119f,-2.7724f,0.229f,0.4287f,-0.8739f,0.9234f,0f,0f,0f,1f],start_interpolation: 0,interpolation_duration: 1}
$data merge entity $(bone_right_arm_hazmat) {transformation: [-0.1585f,-0.7849f,0.5991f,-0.6628f,-0.977f,0.0368f,-0.2102f,-3.1845f,0.143f,-0.6186f,-0.7726f,0.819f,0f,0f,0f,1f],start_interpolation: 0,interpolation_duration: 1}
data modify entity @s data merge value {"cameras":{},"locators":{"left_arm_grab":{"posx":0.09081232466161782,"posy":-2.8729714936024897,"posz":0.48580541182561715,"roty":351.284164362292,"rotx":-31.3509504823051}}}