# This file was generated by Animated Java via MC-Build. It is not recommended to edit this file directly.
$data merge entity $(bone_right_leg_hazmat) {transformation: [-0.0996f,-0.9092f,0.4043f,0.0324f,-0.9317f,-0.0575f,-0.3587f,-3.0996f,0.3493f,-0.4124f,-0.8414f,1.0103f,0f,0f,0f,1f],start_interpolation: 0,interpolation_duration: 1}
$data merge entity $(bone_left_leg_hazmat) {transformation: [-0.0206f,-0.886f,-0.4632f,0.0931f,-0.8416f,0.2654f,-0.4703f,-2.7781f,0.5397f,0.3801f,-0.7512f,0.9047f,0f,0f,0f,1f],start_interpolation: 0,interpolation_duration: 1}
$data merge entity $(bone_right_arm_hazmat) {transformation: [-0.4612f,-0.7097f,0.5326f,-0.6906f,-0.8347f,0.1434f,-0.5318f,-3.1212f,0.301f,-0.6898f,-0.6585f,0.8627f,0f,0f,0f,1f],start_interpolation: 0,interpolation_duration: 1}
$data merge entity $(bone_left_arm_hazmat) {transformation: [-0.592f,-0.7706f,0.2361f,-0.452f,-0.7868f,0.489f,-0.3766f,-2.4266f,0.1748f,-0.4087f,-0.8958f,0.5962f,0f,0f,0f,1f],start_interpolation: 0,interpolation_duration: 1}
$data merge entity $(bone_helmet) {transformation: [0.0699f,-0.8754f,-0.4782f,-0.5471f,-0.9778f,0.0348f,-0.2067f,-2.7939f,0.1976f,0.4821f,-0.8536f,0.7447f,0f,0f,0f,1f],start_interpolation: 0,interpolation_duration: 1}
$data merge entity $(bone_upper) {transformation: [-0.3055f,-0.9273f,0.2162f,0.071f,-0.889f,0.1964f,-0.4137f,-2.895f,0.3411f,-0.3186f,-0.8844f,0.9431f,0f,0f,0f,1f],start_interpolation: 0,interpolation_duration: 1}
data modify entity @s data merge value {"cameras":{},"locators":{"camera":{"posx":-0.8727561513768503,"posy":-2.6145857553002165,"posz":0.9204345032146095,"roty":13.737604164913193,"rotx":-24.435202025302893}}}