# This file was generated by Animated Java via MC-Build. It is not recommended to edit this file directly.
$data merge entity $(bone_head) {transformation: [-0.9848f,0.0522f,-0.1656f,0f,-0.0103f,0.9345f,0.3559f,-0.8389f,0.1733f,0.3522f,-0.9197f,0.0479f,0f,0f,0f,1f],start_interpolation: 0,interpolation_duration: 1}
$data merge entity $(bone_knife) {transformation: [-1f,0f,0f,-0.5625f,0f,0.9728f,0.2317f,-2.0317f,0f,0.2317f,-0.9728f,-0.2041f,0f,0f,0f,1f],start_interpolation: 0,interpolation_duration: 1}
$data merge entity $(bone_right_arm) {transformation: [-1f,0f,0f,-0.375f,0f,0.9728f,0.2317f,-0.8389f,0f,0.2317f,-0.9728f,0.0479f,0f,0f,0f,1f],start_interpolation: 0,interpolation_duration: 1}
$data merge entity $(bone_left_arm) {transformation: [-1f,0f,0f,0.375f,0f,0.6233f,-0.782f,-0.8389f,0f,-0.782f,-0.6233f,0.0479f,0f,0f,0f,1f],start_interpolation: 0,interpolation_duration: 1}
$data merge entity $(bone_torso) {transformation: [-1f,0f,0f,0f,0f,0.9974f,-0.0715f,-1.9142f,0f,-0.0715f,-0.9974f,0.125f,0f,0f,0f,1f],start_interpolation: 0,interpolation_duration: 1}
$data merge entity $(bone_right_leg_hazmat) {transformation: [-0.9998f,0.0208f,-0.0035f,-0.2188f,0.0207f,0.9994f,0.0294f,-2.3125f,0.0041f,0.0293f,-0.9996f,1.0625f,0f,0f,0f,1f],start_interpolation: 0,interpolation_duration: 1}
$data merge entity $(bone_left_leg_hazmat) {transformation: [-0.999f,-0.0432f,-0.006f,0.125f,-0.0436f,0.9812f,0.1882f,-2.3125f,-0.0023f,0.1883f,-0.9821f,1.0625f,0f,0f,0f,1f],start_interpolation: 0,interpolation_duration: 1}
$data merge entity $(bone_right_arm_hazmat) {transformation: [-0.999f,0.0435f,-0.0038f,-0.4063f,0.0436f,0.9946f,-0.0939f,-1.625f,-0.0003f,-0.0939f,-0.9956f,1.0578f,0f,0f,0f,1f],start_interpolation: 0,interpolation_duration: 1}
$data merge entity $(bone_left_arm_hazmat) {transformation: [-0.999f,-0.0435f,0.0038f,0.375f,-0.0436f,0.9946f,-0.0939f,-1.625f,0.0003f,-0.0939f,-0.9956f,1.0578f,0f,0f,0f,1f],start_interpolation: 0,interpolation_duration: 1}
$data merge entity $(bone_helmet) {transformation: [-1f,0f,0f,-0.0313f,0f,0.9968f,0.0804f,-1.6563f,0f,0.0804f,-0.9968f,1.058f,0f,0f,0f,1f],start_interpolation: 0,interpolation_duration: 1}
$data merge entity $(bone_upper) {transformation: [-1f,0f,0f,0f,0f,1f,-0.0068f,-2.3125f,0f,-0.0068f,-1f,1.0625f,0f,0f,0f,1f],start_interpolation: 0,interpolation_duration: 1}
data modify entity @s data merge value {"cameras":{},"locators":{"left_arm_grab":{"posx":0.5874999999999999,"posy":-1.682263505589682,"posz":1.1060560043947276,"roty":0,"rotx":-51.44375000000001},"camera":{"posx":-0.03125000000000017,"posy":-1.3729764959787414,"posz":1.3561014907857518,"roty":0,"rotx":-0.3906249999999998}}}