# This file was generated by Animated Java via MC-Build. It is not recommended to edit this file directly.
$data merge entity $(bone_right_leg_hazmat) {transformation: [-0.1495f,-0.9135f,0.3783f,0.0214f,-0.8586f,-0.0698f,-0.5079f,-3.0841f,0.4904f,-0.4007f,-0.7739f,1.0413f,0f,0f,0f,1f],start_interpolation: 0,interpolation_duration: 1}
$data merge entity $(bone_left_leg_hazmat) {transformation: [0.1577f,-0.8966f,-0.4139f,0.0994f,-0.6106f,0.2409f,-0.7544f,-2.787f,0.7761f,0.3717f,-0.5094f,0.887f,0f,0f,0f,1f],start_interpolation: 0,interpolation_duration: 1}
$data merge entity $(bone_right_arm_hazmat) {transformation: [-0.6799f,-0.6107f,0.4059f,-0.7095f,-0.6153f,0.174f,-0.7688f,-3.063f,0.3989f,-0.7725f,-0.4941f,0.9298f,0f,0f,0f,1f],start_interpolation: 0,interpolation_duration: 1}
$data merge entity $(bone_left_arm_hazmat) {transformation: [-0.4408f,-0.8937f,0.084f,-0.4197f,-0.7386f,0.3079f,-0.5997f,-2.4857f,0.5101f,-0.3264f,-0.7958f,0.4905f,0f,0f,0f,1f],start_interpolation: 0,interpolation_duration: 1}
$data merge entity $(bone_helmet) {transformation: [-0.0094f,-0.8537f,-0.5207f,-0.5418f,-0.896f,0.2384f,-0.3747f,-2.7919f,0.444f,0.463f,-0.7671f,0.7299f,0f,0f,0f,1f],start_interpolation: 0,interpolation_duration: 1}
$data merge entity $(bone_upper) {transformation: [-0.371f,-0.9161f,0.1518f,0.071f,-0.739f,0.1923f,-0.6456f,-2.895f,0.5623f,-0.3517f,-0.7484f,0.9431f,0f,0f,0f,1f],start_interpolation: 0,interpolation_duration: 1}
data modify entity @s data merge value {"cameras":{},"locators":{"camera":{"posx":-0.8449867999831857,"posy":-2.544132379893062,"posz":0.8554857238100545,"roty":11.463978763188521,"rotx":-40.21414698364908}}}