# This file was generated by Animated Java via MC-Build. It is not recommended to edit this file directly.
$data merge entity $(bone_right_leg_hazmat) {transformation: [-0.1785f,-0.9248f,0.336f,0.0148f,-0.7648f,-0.0844f,-0.6387f,-3.0641f,0.619f,-0.371f,-0.6922f,1.07f,0f,0f,0f,1f],start_interpolation: 0,interpolation_duration: 1}
$data merge entity $(bone_left_leg_hazmat) {transformation: [0.3443f,-0.8872f,-0.307f,0.1031f,-0.3037f,0.2041f,-0.9306f,-2.7984f,0.8884f,0.4137f,-0.1992f,0.8706f,0f,0f,0f,1f],start_interpolation: 0,interpolation_duration: 1}
$data merge entity $(bone_right_arm_hazmat) {transformation: [-0.8119f,-0.5221f,0.2612f,-0.7162f,-0.3813f,0.1354f,-0.9145f,-3.003f,0.4421f,-0.8421f,-0.3091f,1.0226f,0f,0f,0f,1f],start_interpolation: 0,interpolation_duration: 1}
$data merge entity $(bone_left_arm_hazmat) {transformation: [-0.1904f,-0.9751f,-0.1139f,-0.4315f,-0.5874f,0.2061f,-0.7826f,-2.5696f,0.7865f,-0.0821f,-0.612f,0.4383f,0f,0f,0f,1f],start_interpolation: 0,interpolation_duration: 1}
$data merge entity $(bone_helmet) {transformation: [-0.0232f,-0.798f,-0.6022f,-0.5505f,-0.7618f,0.4042f,-0.5063f,-2.8003f,0.6474f,0.447f,-0.6173f,0.7523f,0f,0f,0f,1f],start_interpolation: 0,interpolation_duration: 1}
$data merge entity $(bone_upper) {transformation: [-0.3644f,-0.9297f,0.0533f,0.071f,-0.5548f,0.1708f,-0.8143f,-2.895f,0.7479f,-0.3263f,-0.578f,0.9431f,0f,0f,0f,1f],start_interpolation: 0,interpolation_duration: 1}
data modify entity @s data merge value {"cameras":{},"locators":{"camera":{"posx":-0.8279511651847123,"posy":-2.507972094891473,"posz":0.8339664456944966,"roty":5.268839443954931,"rotx":-54.51558374234838}}}