# This file was generated by Animated Java via MC-Build. It is not recommended to edit this file directly.
$data merge entity $(bone_right_leg_hazmat) {transformation: [-0.1833f,-0.9416f,0.2827f,0.0134f,-0.6563f,-0.0969f,-0.7483f,-3.0408f,0.7319f,-0.3226f,-0.6002f,1.0957f,0f,0f,0f,1f],start_interpolation: 0,interpolation_duration: 1}
$data merge entity $(bone_left_leg_hazmat) {transformation: [0.5189f,-0.8447f,-0.1316f,0.1039f,0.0247f,0.1687f,-0.9854f,-2.8117f,0.8545f,0.508f,0.1084f,0.8559f,0f,0f,0f,1f],start_interpolation: 0,interpolation_duration: 1}
$data merge entity $(bone_right_arm_hazmat) {transformation: [-0.8755f,-0.465f,0.1313f,-0.7021f,-0.1768f,0.0554f,-0.9827f,-2.937f,0.4496f,-0.8836f,-0.1307f,1.1387f,0f,0f,0f,1f],start_interpolation: 0,interpolation_duration: 1}
$data merge entity $(bone_left_arm_hazmat) {transformation: [0.158f,-0.9412f,-0.2987f,-0.4823f,-0.399f,0.2159f,-0.8912f,-2.6491f,0.9032f,0.26f,-0.3414f,0.4465f,0f,0f,0f,1f],start_interpolation: 0,interpolation_duration: 1}
$data merge entity $(bone_helmet) {transformation: [0.0365f,-0.7181f,-0.6949f,-0.5666f,-0.6117f,0.5338f,-0.5838f,-2.8037f,0.7902f,0.4464f,-0.4198f,0.8139f,0f,0f,0f,1f],start_interpolation: 0,interpolation_duration: 1}
$data merge entity $(bone_upper) {transformation: [-0.2814f,-0.9583f,-0.0508f,0.071f,-0.3685f,0.1567f,-0.9163f,-2.895f,0.886f,-0.2391f,-0.3972f,0.9431f,0f,0f,0f,1f],start_interpolation: 0,interpolation_duration: 1}
data modify entity @s data merge value {"cameras":{},"locators":{"camera":{"posx":-0.8209067935787798,"posy":-2.484708500543818,"posz":0.8657888656218022,"roty":352.71643985132664,"rotx":-66.395700512503}}}