# This file was generated by Animated Java via MC-Build. It is not recommended to edit this file directly.
$data merge entity $(bone_right_leg_hazmat) {transformation: [-0.4091f,-0.8289f,0.3815f,-0.0254f,-0.4978f,-0.1476f,-0.8546f,-3.0156f,0.7648f,-0.5395f,-0.3522f,1.0981f,0f,0f,0f,1f],start_interpolation: 0,interpolation_duration: 1}
$data merge entity $(bone_left_leg_hazmat) {transformation: [0.2892f,-0.9474f,-0.1367f,0.1261f,0.034f,0.1529f,-0.9877f,-2.8262f,0.9567f,0.281f,0.0764f,0.8545f,0f,0f,0f,1f],start_interpolation: 0,interpolation_duration: 1}
$data merge entity $(bone_right_arm_hazmat) {transformation: [-0.9797f,-0.1936f,0.052f,-0.7212f,-0.0072f,-0.2256f,-0.9742f,-2.8616f,0.2003f,-0.9548f,0.2196f,1.0379f,0f,0f,0f,1f],start_interpolation: 0,interpolation_duration: 1}
$data merge entity $(bone_left_arm_hazmat) {transformation: [-0.0957f,-0.9901f,-0.1028f,-0.3926f,-0.2992f,0.1271f,-0.9457f,-2.6509f,0.9494f,-0.0597f,-0.3084f,0.3611f,0f,0f,0f,1f],start_interpolation: 0,interpolation_duration: 1}
$data merge entity $(bone_helmet) {transformation: [-0.1153f,-0.7197f,-0.6846f,-0.5352f,-0.5435f,0.6226f,-0.563f,-2.767f,0.8315f,0.3071f,-0.4629f,0.7247f,0f,0f,0f,1f],start_interpolation: 0,interpolation_duration: 1}
$data merge entity $(bone_upper) {transformation: [-0.4206f,-0.9038f,-0.0793f,0.071f,-0.2696f,0.208f,-0.9402f,-2.895f,0.8663f,-0.3741f,-0.3311f,0.9431f,0f,0f,0f,1f],start_interpolation: 0,interpolation_duration: 1}
data modify entity @s data merge value {"cameras":{},"locators":{"camera":{"posx":-0.7656168657888756,"posy":-2.426398033101503,"posz":0.7188409156874564,"roty":346.52758285252514,"rotx":-70.09307850130305}}}