# This file was generated by Animated Java via MC-Build. It is not recommended to edit this file directly.
$data merge entity $(bone_right_leg_hazmat) {transformation: [-0.584f,-0.7121f,0.3897f,-0.056f,-0.2697f,-0.2825f,-0.9206f,-2.9788f,0.7656f,-0.6427f,-0.027f,1.1003f,0f,0f,0f,1f],start_interpolation: 0,interpolation_duration: 1}
$data merge entity $(bone_left_leg_hazmat) {transformation: [0.0734f,-0.9909f,-0.1129f,0.1436f,0.1489f,0.1228f,-0.9812f,-2.8472f,0.9861f,0.0552f,0.1566f,0.8533f,0f,0f,0f,1f],start_interpolation: 0,interpolation_duration: 1}
$data merge entity $(bone_right_arm_hazmat) {transformation: [-0.988f,-0.0233f,-0.1529f,-0.7205f,0.1389f,-0.5685f,-0.8109f,-2.7889f,-0.068f,-0.8224f,0.5649f,0.9426f,0f,0f,0f,1f],start_interpolation: 0,interpolation_duration: 1}
$data merge entity $(bone_left_arm_hazmat) {transformation: [-0.3173f,-0.9467f,0.0564f,-0.3068f,-0.1164f,-0.0202f,-0.993f,-2.6976f,0.9412f,-0.3216f,-0.1037f,0.2862f,0f,0f,0f,1f],start_interpolation: 0,interpolation_duration: 1}
$data merge entity $(bone_helmet) {transformation: [-0.2482f,-0.6882f,-0.6818f,-0.4957f,-0.4153f,0.7114f,-0.5669f,-2.752f,0.8751f,0.1425f,-0.4624f,0.6431f,0f,0f,0f,1f],start_interpolation: 0,interpolation_duration: 1}
$data merge entity $(bone_upper) {transformation: [-0.5295f,-0.8384f,-0.1296f,0.071f,-0.1169f,0.2234f,-0.9677f,-2.895f,0.8402f,-0.4972f,-0.2163f,0.9431f,0f,0f,0f,1f],start_interpolation: 0,interpolation_duration: 1}
data modify entity @s data merge value {"cameras":{},"locators":{"camera":{"posx":-0.6925970129549236,"posy":-2.3988965893414984,"posz":0.5681263797998282,"roty":329.0627058230548,"rotx":-75.3942408594258}}}