# This file was generated by Animated Java via MC-Build. It is not recommended to edit this file directly.
$data merge entity $(bone_right_leg_hazmat) {transformation: [-0.6848f,-0.6456f,0.338f,-0.0751f,0.0029f,-0.4662f,-0.8847f,-2.9332f,0.7287f,-0.6048f,0.3211f,1.1014f,0f,0f,0f,1f],start_interpolation: 0,interpolation_duration: 1}
$data merge entity $(bone_left_leg_hazmat) {transformation: [-0.0831f,-0.9931f,-0.0833f,0.1545f,0.342f,0.0501f,-0.9384f,-2.8732f,0.936f,-0.1065f,0.3355f,0.8527f,0f,0f,0f,1f],start_interpolation: 0,interpolation_duration: 1}
$data merge entity $(bone_right_arm_hazmat) {transformation: [-0.9221f,-0.0218f,-0.3863f,-0.7057f,0.2136f,-0.8613f,-0.4611f,-2.7275f,-0.3226f,-0.5077f,0.7989f,0.8633f,0f,0f,0f,1f],start_interpolation: 0,interpolation_duration: 1}
$data merge entity $(bone_left_arm_hazmat) {transformation: [-0.472f,-0.8686f,0.151f,-0.2454f,0.1245f,-0.2352f,-0.9639f,-2.7877f,0.8728f,-0.4362f,0.2191f,0.2349f,0f,0f,0f,1f],start_interpolation: 0,interpolation_duration: 1}
$data merge entity $(bone_helmet) {transformation: [-0.3394f,-0.6269f,-0.7013f,-0.4603f,-0.232f,0.7783f,-0.5834f,-2.7626f,0.9116f,-0.0353f,-0.4096f,0.5801f,0f,0f,0f,1f],start_interpolation: 0,interpolation_duration: 1}
$data merge entity $(bone_upper) {transformation: [-0.5891f,-0.7816f,-0.205f,0.071f,0.0771f,0.1982f,-0.9771f,-2.895f,0.8044f,-0.5914f,-0.0565f,0.9431f,0f,0f,0f,1f],start_interpolation: 0,interpolation_duration: 1}
data modify entity @s data merge value {"cameras":{},"locators":{"camera":{"posx":-0.6186669968992018,"posy":-2.413703316047238,"posz":0.4307360736075156,"roty":285.39918183367797,"rotx":-77.72299145762737}}}