# This file was generated by Animated Java via MC-Build. It is not recommended to edit this file directly.
$data merge entity $(bone_right_leg_hazmat) {transformation: [-0.7011f,-0.6516f,0.2896f,-0.0803f,0.2859f,-0.6289f,-0.723f,-2.8826f,0.6533f,-0.4241f,0.6272f,1.1006f,0f,0f,0f,1f],start_interpolation: 0,interpolation_duration: 1}
$data merge entity $(bone_left_leg_hazmat) {transformation: [-0.1559f,-0.9869f,-0.0417f,0.1575f,0.5656f,-0.0546f,-0.8229f,-2.9021f,0.8098f,-0.1519f,0.5667f,0.8531f,0f,0f,0f,1f],start_interpolation: 0,interpolation_duration: 1}
$data merge entity $(bone_right_arm_hazmat) {transformation: [-0.8273f,-0.1722f,-0.5347f,-0.6859f,0.1929f,-0.9811f,0.0175f,-2.6783f,-0.5276f,-0.0886f,0.8449f,0.8097f,0f,0f,0f,1f],start_interpolation: 0,interpolation_duration: 1}
$data merge entity $(bone_left_arm_hazmat) {transformation: [-0.5418f,-0.8136f,0.2111f,-0.2282f,0.3826f,-0.4624f,-0.7999f,-2.9075f,0.7484f,-0.3526f,0.5618f,0.2195f,0f,0f,0f,1f],start_interpolation: 0,interpolation_duration: 1}
$data merge entity $(bone_helmet) {transformation: [-0.3671f,-0.551f,-0.7494f,-0.4426f,-0.0084f,0.8076f,-0.5897f,-2.7927f,0.9301f,-0.2102f,-0.3011f,0.5464f,0f,0f,0f,1f],start_interpolation: 0,interpolation_duration: 1}
$data merge entity $(bone_upper) {transformation: [-0.5859f,-0.7547f,-0.2951f,0.071f,0.2933f,0.1419f,-0.9454f,-2.895f,0.7554f,-0.6405f,0.1382f,0.9431f,0f,0f,0f,1f],start_interpolation: 0,interpolation_duration: 1}
data modify entity @s data merge value {"cameras":{},"locators":{"camera":{"posx":-0.5663396736918787,"posy":-2.4692028978188874,"posz":0.3247949570559762,"roty":244.8958228413774,"rotx":-70.98259779485814}}}