# This file was generated by Animated Java via MC-Build. It is not recommended to edit this file directly.
$data merge entity $(bone_right_leg_hazmat) {transformation: [-0.6387f,-0.7044f,0.3096f,-0.0703f,0.5444f,-0.698f,-0.4652f,-2.8315f,0.5438f,-0.1286f,0.8293f,1.0976f,0f,0f,0f,1f],start_interpolation: 0,interpolation_duration: 1}
$data merge entity $(bone_left_leg_hazmat) {transformation: [-0.1484f,-0.9879f,0.0452f,0.1518f,0.7683f,-0.1439f,-0.6237f,-2.9313f,0.6227f,-0.0578f,0.7804f,0.8549f,0f,0f,0f,1f],start_interpolation: 0,interpolation_duration: 1}
$data merge entity $(bone_right_arm_hazmat) {transformation: [-0.7535f,-0.3834f,-0.5341f,-0.6678f,0.0877f,-0.8637f,0.4963f,-2.634f,-0.6516f,0.3271f,0.6844f,0.7894f,0f,0f,0f,1f],start_interpolation: 0,interpolation_duration: 1}
$data merge entity $(bone_left_arm_hazmat) {transformation: [-0.5312f,-0.7911f,0.3033f,-0.2664f,0.615f,-0.6062f,-0.5043f,-3.0314f,0.5828f,-0.0814f,0.8085f,0.2497f,0f,0f,0f,1f],start_interpolation: 0,interpolation_duration: 1}
$data merge entity $(bone_helmet) {transformation: [-0.3158f,-0.482f,-0.8173f,-0.4511f,0.2303f,0.7967f,-0.5588f,-2.8272f,0.9205f,-0.3647f,-0.1405f,0.5501f,0f,0f,0f,1f],start_interpolation: 0,interpolation_duration: 1}
$data merge entity $(bone_upper) {transformation: [-0.5139f,-0.7711f,-0.376f,0.071f,0.5086f,0.0791f,-0.8573f,-2.895f,0.6908f,-0.6318f,0.3515f,0.9431f,0f,0f,0f,1f],start_interpolation: 0,interpolation_duration: 1}
data modify entity @s data merge value {"cameras":{},"locators":{"camera":{"posx":-0.5551176712362462,"posy":-2.5477543415760042,"posz":0.26692932122121976,"roty":226.92736486348514,"rotx":-59.01986443560877}}}