# This file was generated by Animated Java via MC-Build. It is not recommended to edit this file directly.
$data merge entity $(bone_right_leg_hazmat) {transformation: [-0.5173f,-0.7394f,0.431f,-0.0454f,0.7508f,-0.6337f,-0.1861f,-2.7845f,0.4107f,0.2274f,0.883f,1.0917f,0f,0f,0f,1f],start_interpolation: 0,interpolation_duration: 1}
$data merge entity $(bone_left_leg_hazmat) {transformation: [-0.0874f,-0.9738f,0.2101f,0.1375f,0.9123f,-0.163f,-0.3757f,-2.9582f,0.4001f,0.1588f,0.9026f,0.8582f,0f,0f,0f,1f],start_interpolation: 0,interpolation_duration: 1}
$data merge entity $(bone_right_arm_hazmat) {transformation: [-0.7343f,-0.5454f,-0.4042f,-0.6507f,-0.061f,-0.54f,0.8394f,-2.5818f,-0.6761f,0.641f,0.3633f,0.8062f,0f,0f,0f,1f],start_interpolation: 0,interpolation_duration: 1}
$data merge entity $(bone_left_arm_hazmat) {transformation: [-0.4639f,-0.7472f,0.4759f,-0.3575f,0.7906f,-0.5915f,-0.158f,-3.1276f,0.3996f,0.303f,0.8652f,0.3302f,0f,0f,0f,1f],start_interpolation: 0,interpolation_duration: 1}
$data merge entity $(bone_helmet) {transformation: [-0.1807f,-0.4387f,-0.8803f,-0.4841f,0.4508f,0.7585f,-0.4705f,-2.8451f,0.8741f,-0.4819f,0.0607f,0.5952f,0f,0f,0f,1f],start_interpolation: 0,interpolation_duration: 1}
$data merge entity $(bone_upper) {transformation: [-0.3753f,-0.828f,-0.4166f,0.071f,0.6985f,0.0428f,-0.7143f,-2.895f,0.6093f,-0.5591f,0.5623f,0.9431f,0f,0f,0f,1f],start_interpolation: 0,interpolation_duration: 1}
data modify entity @s data merge value {"cameras":{},"locators":{"camera":{"posx":-0.5919438705035862,"posy":-2.6187909696315748,"posz":0.26928506815652625,"roty":216.53659738569607,"rotx":-45.586306534485274}}}