# This file was generated by Animated Java via MC-Build. It is not recommended to edit this file directly.
$data merge entity $(bone_right_leg_hazmat) {transformation: [-0.364f,-0.6828f,0.6335f,-0.0073f,0.8919f,-0.4514f,0.0259f,-2.7462f,0.2683f,0.5745f,0.7733f,1.0829f,0f,0f,0f,1f],start_interpolation: 0,interpolation_duration: 1}
$data merge entity $(bone_left_leg_hazmat) {transformation: [-0.0108f,-0.892f,0.452f,0.1158f,0.9847f,-0.088f,-0.1502f,-2.9801f,0.1738f,0.4435f,0.8793f,0.8632f,0f,0f,0f,1f],start_interpolation: 0,interpolation_duration: 1}
$data merge entity $(bone_right_arm_hazmat) {transformation: [-0.7739f,-0.5905f,-0.2289f,-0.6235f,-0.1998f,-0.1153f,0.973f,-2.51f,-0.6009f,0.7988f,-0.0287f,0.8588f,0f,0f,0f,1f],start_interpolation: 0,interpolation_duration: 1}
$data merge entity $(bone_left_arm_hazmat) {transformation: [-0.3709f,-0.5982f,0.7103f,-0.482f,0.9005f,-0.4185f,0.1178f,-3.1666f,0.2268f,0.6834f,0.694f,0.4597f,0f,0f,0f,1f],start_interpolation: 0,interpolation_duration: 1}
$data merge entity $(bone_helmet) {transformation: [0.0279f,-0.4281f,-0.9033f,-0.5273f,0.6172f,0.7182f,-0.3214f,-2.8271f,0.7863f,-0.5485f,0.2842f,0.6805f,0f,0f,0f,1f],start_interpolation: 0,interpolation_duration: 1}
$data merge entity $(bone_upper) {transformation: [-0.1811f,-0.9032f,-0.3892f,0.071f,0.8404f,0.0634f,-0.5382f,-2.895f,0.5108f,-0.4245f,0.7475f,0.9431f,0f,0f,0f,1f],start_interpolation: 0,interpolation_duration: 1}
data modify entity @s data merge value {"cameras":{},"locators":{"camera":{"posx":-0.6646093901684114,"posy":-2.6478274032390416,"posz":0.3368014632817459,"roty":207.50282720779205,"rotx":-32.56404968358175}}}