# This file was generated by Animated Java via MC-Build. It is not recommended to edit this file directly.
$data merge entity $(bone_head) {transformation: [-0.9848f,0.0522f,-0.1656f,0f,-0.0048f,0.9451f,0.3268f,-0.8571f,0.1736f,0.3227f,-0.9305f,0.0142f,0f,0f,0f,1f],start_interpolation: 0,interpolation_duration: 1}
$data merge entity $(bone_knife) {transformation: [-0.9922f,-0.0357f,-0.1192f,-0.5138f,-0.0337f,0.9993f,-0.0188f,-2.0807f,0.1198f,-0.0147f,-0.9927f,0.0855f,0f,0f,0f,1f],start_interpolation: 0,interpolation_duration: 1}
$data merge entity $(bone_right_arm) {transformation: [-0.9922f,-0.0357f,-0.1192f,-0.375f,-0.0337f,0.9993f,-0.0188f,-0.8571f,0.1198f,-0.0147f,-0.9927f,0.0142f,0f,0f,0f,1f],start_interpolation: 0,interpolation_duration: 1}
$data merge entity $(bone_left_arm) {transformation: [-1f,0f,0f,0.375f,0f,0.6049f,-0.7963f,-0.8571f,0f,-0.7963f,-0.6049f,0.0142f,0f,0f,0f,1f],start_interpolation: 0,interpolation_duration: 1}
$data merge entity $(bone_torso) {transformation: [-1f,0f,0f,0f,0f,0.9947f,-0.1028f,-1.9295f,0f,-0.1028f,-0.9947f,0.125f,0f,0f,0f,1f],start_interpolation: 0,interpolation_duration: 1}
$data merge entity $(bone_right_leg_hazmat) {transformation: [-0.9998f,0.0176f,-0.0039f,-0.2188f,0.0176f,0.9998f,-0.0107f,-2.3125f,0.0037f,-0.0108f,-0.9999f,1.0625f,0f,0f,0f,1f],start_interpolation: 0,interpolation_duration: 1}
$data merge entity $(bone_left_leg_hazmat) {transformation: [-0.999f,-0.0431f,-0.0068f,0.125f,-0.0436f,0.9843f,0.1713f,-2.3125f,-0.0007f,0.1714f,-0.9852f,1.0625f,0f,0f,0f,1f],start_interpolation: 0,interpolation_duration: 1}
$data merge entity $(bone_right_arm_hazmat) {transformation: [-0.999f,0.0435f,-0.0038f,-0.4063f,0.0436f,0.9925f,-0.1142f,-1.6253f,-0.0012f,-0.1143f,-0.9935f,1.0438f,0f,0f,0f,1f],start_interpolation: 0,interpolation_duration: 1}
$data merge entity $(bone_left_arm_hazmat) {transformation: [-0.999f,-0.0435f,0.0038f,0.375f,-0.0436f,0.9925f,-0.1142f,-1.6253f,0.0012f,-0.1143f,-0.9935f,1.0438f,0f,0f,0f,1f],start_interpolation: 0,interpolation_duration: 1}
$data merge entity $(bone_helmet) {transformation: [-1f,0f,0f,-0.0313f,0f,0.9982f,0.06f,-1.6565f,0f,0.06f,-0.9982f,1.0446f,0f,0f,0f,1f],start_interpolation: 0,interpolation_duration: 1}
$data merge entity $(bone_upper) {transformation: [-1f,0f,0f,0f,0f,0.9996f,-0.0273f,-2.3125f,0f,-0.0273f,-0.9996f,1.0625f,0f,0f,0f,1f],start_interpolation: 0,interpolation_duration: 1}
data modify entity @s data merge value {"cameras":{},"locators":{"left_arm_grab":{"posx":0.5874999999999999,"posy":-1.6756544056518252,"posz":1.0916242763447206,"roty":0,"rotx":-52.77500000000002},"camera":{"posx":-0.03125000000000016,"posy":-1.3671683685174085,"posz":1.336825275026677,"roty":0,"rotx":-1.562500000000001}}}
execute on vehicle unless entity @s[tag=aj.transforms_only] at @s run function animated_java:the_butcher/animations/pick.up/zzz/frames/8_root_commands