# This file was generated by Animated Java via MC-Build. It is not recommended to edit this file directly.
$data merge entity $(bone_right_leg_hazmat) {transformation: [-0.205f,-0.4892f,0.8478f,0.0409f,0.9697f,-0.219f,0.1081f,-2.7204f,0.1328f,0.8442f,0.5193f,1.0713f,0f,0f,0f,1f],start_interpolation: 0,interpolation_duration: 1}
$data merge entity $(bone_left_leg_hazmat) {transformation: [0.0499f,-0.6927f,0.7195f,0.0883f,0.9985f,0.0518f,-0.0194f,-2.9948f,-0.0238f,0.7194f,0.6942f,0.8699f,0f,0f,0f,1f],start_interpolation: 0,interpolation_duration: 1}
$data merge entity $(bone_right_arm_hazmat) {transformation: [-0.8487f,-0.5192f,-0.1006f,-0.5672f,-0.2857f,0.2901f,0.9134f,-2.415f,-0.445f,0.8039f,-0.3945f,0.9401f,0f,0f,0f,1f],start_interpolation: 0,interpolation_duration: 1}
$data merge entity $(bone_left_arm_hazmat) {transformation: [-0.276f,-0.2942f,0.915f,-0.6068f,0.9569f,-0.1737f,0.2328f,-3.1309f,0.0905f,0.9398f,0.3295f,0.6298f,0f,0f,0f,1f],start_interpolation: 0,interpolation_duration: 1}
$data merge entity $(bone_helmet) {transformation: [0.2841f,-0.4397f,-0.852f,-0.5562f,0.6984f,0.7038f,-0.1303f,-2.7635f,0.6569f,-0.558f,0.507f,0.7986f,0f,0f,0f,1f],start_interpolation: 0,interpolation_duration: 1}
$data merge entity $(bone_upper) {transformation: [0.0508f,-0.9583f,-0.2814f,0.071f,0.9163f,0.1567f,-0.3685f,-2.895f,0.3972f,-0.2391f,0.886f,0.9431f,0f,0f,0f,1f],start_interpolation: 0,interpolation_duration: 1}
data modify entity @s data merge value {"cameras":{},"locators":{"camera":{"posx":-0.7413480992624863,"posy":-2.6089177612831196,"posz":0.4655444419156364,"roty":197.61737021768334,"rotx":-21.62118879936408}}}