# This file was generated by Animated Java via MC-Build. It is not recommended to edit this file directly.
$data merge entity $(bone_right_leg_hazmat) {transformation: [-0.0005f,-0.6407f,0.7678f,0.1091f,0.993f,-0.0911f,-0.0753f,-2.7111f,0.1182f,0.7623f,0.6363f,0.9899f,0f,0f,0f,1f],start_interpolation: 0,interpolation_duration: 1}
$data merge entity $(bone_left_leg_hazmat) {transformation: [0.2155f,-0.7652f,0.6066f,0.1089f,0.9765f,0.175f,-0.126f,-2.9947f,-0.0098f,0.6195f,0.7849f,0.7957f,0f,0f,0f,1f],start_interpolation: 0,interpolation_duration: 1}
$data merge entity $(bone_right_arm_hazmat) {transformation: [-0.8751f,-0.4775f,0.0784f,-0.4302f,-0.1398f,0.4047f,0.9037f,-2.3036f,-0.4632f,0.7799f,-0.4209f,0.8314f,0f,0f,0f,1f],start_interpolation: 0,interpolation_duration: 1}
$data merge entity $(bone_left_arm_hazmat) {transformation: [-0.0983f,-0.3448f,0.9335f,-0.5924f,0.9935f,-0.0879f,0.0722f,-3.0095f,0.0572f,0.9346f,0.3512f,0.5386f,0f,0f,0f,1f],start_interpolation: 0,interpolation_duration: 1}
$data merge entity $(bone_helmet) {transformation: [0.3904f,-0.2891f,-0.8741f,-0.4797f,0.6549f,0.7545f,0.0429f,-2.6525f,0.647f,-0.5892f,0.4839f,0.6994f,0f,0f,0f,1f],start_interpolation: 0,interpolation_duration: 1}
$data merge entity $(bone_upper) {transformation: [0.2076f,-0.907f,-0.3664f,0.109f,0.9036f,0.3213f,-0.2834f,-2.8916f,0.3747f,-0.2723f,0.8862f,0.8663f,0f,0f,0f,1f],start_interpolation: 0,interpolation_duration: 1}
data modify entity @s data merge value {"cameras":{},"locators":{"camera":{"posx":-0.6248940535141203,"posy":-2.477109062996187,"posz":0.35690741612939425,"roty":202.46327945658416,"rotx":-16.46060189243424}}}