# This file was generated by Animated Java via MC-Build. It is not recommended to edit this file directly.
$data merge entity $(bone_right_leg_hazmat) {transformation: [0.2044f,-0.7434f,0.6369f,0.1624f,0.9734f,0.0858f,-0.2122f,-2.6929f,0.1031f,0.6633f,0.7412f,0.9085f,0f,0f,0f,1f],start_interpolation: 0,interpolation_duration: 1}
$data merge entity $(bone_left_leg_hazmat) {transformation: [0.3745f,-0.7994f,0.4698f,0.113f,0.9272f,0.3206f,-0.1937f,-2.9772f,0.0043f,0.5082f,0.8613f,0.7217f,0f,0f,0f,1f],start_interpolation: 0,interpolation_duration: 1}
$data merge entity $(bone_right_arm_hazmat) {transformation: [-0.8766f,-0.4111f,0.2501f,-0.2913f,0.0052f,0.5116f,0.8592f,-2.1993f,-0.4812f,0.7545f,-0.4463f,0.7227f,0f,0f,0f,1f],start_interpolation: 0,interpolation_duration: 1}
$data merge entity $(bone_left_arm_hazmat) {transformation: [0.0832f,-0.3735f,0.9239f,-0.5736f,0.9962f,0.0088f,-0.0862f,-2.8739f,0.0241f,0.9276f,0.3728f,0.4477f,0f,0f,0f,1f],start_interpolation: 0,interpolation_duration: 1}
$data merge entity $(bone_helmet) {transformation: [0.4903f,-0.1351f,-0.861f,-0.4009f,0.5954f,0.7734f,0.2177f,-2.5378f,0.6365f,-0.6194f,0.4596f,0.6002f,0f,0f,0f,1f],start_interpolation: 0,interpolation_duration: 1}
$data merge entity $(bone_upper) {transformation: [0.3613f,-0.8277f,-0.4294f,0.131f,0.8634f,0.4708f,-0.181f,-2.8738f,0.352f,-0.3054f,0.8848f,0.7896f,0f,0f,0f,1f],start_interpolation: 0,interpolation_duration: 1}
data modify entity @s data merge value {"cameras":{},"locators":{"camera":{"posx":-0.5048822889434321,"posy":-2.3510752700276676,"posz":0.24890021545248453,"roty":205.8890160842182,"rotx":-10.430250684122852}}}