# This file was generated by Animated Java via MC-Build. It is not recommended to edit this file directly.
$data merge entity $(bone_right_leg_hazmat) {transformation: [0.4009f,-0.7834f,0.475f,0.2027f,0.9119f,0.2917f,-0.2886f,-2.6634f,0.0876f,0.5488f,0.8313f,0.827f,0f,0f,0f,1f],start_interpolation: 0,interpolation_duration: 1}
$data merge entity $(bone_left_leg_hazmat) {transformation: [0.5226f,-0.7896f,0.3215f,0.1039f,0.8524f,0.4759f,-0.2168f,-2.9395f,0.0182f,0.3874f,0.9218f,0.6478f,0f,0f,0f,1f],start_interpolation: 0,interpolation_duration: 1}
$data merge entity $(bone_right_arm_hazmat) {transformation: [-0.8545f,-0.3218f,0.4078f,-0.1522f,0.1453f,0.6056f,0.7824f,-2.1024f,-0.4988f,0.7278f,-0.4707f,0.6141f,0f,0f,0f,1f],start_interpolation: 0,interpolation_duration: 1}
$data merge entity $(bone_left_arm_hazmat) {transformation: [0.2621f,-0.3784f,0.8878f,-0.5483f,0.965f,0.1112f,-0.2375f,-2.7248f,-0.0088f,0.919f,0.3943f,0.357f,0f,0f,0f,1f],start_interpolation: 0,interpolation_duration: 1}
$data merge entity $(bone_helmet) {transformation: [0.5814f,0.0158f,-0.8135f,-0.3197f,0.5207f,0.7611f,0.3869f,-2.42f,0.6252f,-0.6485f,0.4342f,0.5012f,0f,0f,0f,1f],start_interpolation: 0,interpolation_duration: 1}
$data merge entity $(bone_upper) {transformation: [0.507f,-0.7244f,-0.4672f,0.1398f,0.7967f,0.6007f,-0.0669f,-2.8391f,0.3291f,-0.3383f,0.8816f,0.7129f,0f,0f,0f,1f],start_interpolation: 0,interpolation_duration: 1}
data modify entity @s data merge value {"cameras":{},"locators":{"camera":{"posx":-0.3832690960056254,"posy":-2.2309544306529476,"posz":0.1415930776927264,"roty":207.91932798329245,"rotx":-3.8339782238388667}}}