# This file was generated by Animated Java via MC-Build. It is not recommended to edit this file directly.
$data merge entity $(bone_right_leg_hazmat) {transformation: [0.5804f,-0.7549f,0.3055f,0.2323f,0.8112f,0.5029f,-0.2985f,-2.6205f,0.0717f,0.4211f,0.9042f,0.7455f,0f,0f,0f,1f],start_interpolation: 0,interpolation_duration: 1}
$data merge entity $(bone_left_leg_hazmat) {transformation: [0.6558f,-0.7343f,0.1755f,0.0855f,0.7543f,0.6273f,-0.1936f,-2.8798f,0.0321f,0.2594f,0.9652f,0.5739f,0f,0f,0f,1f],start_interpolation: 0,interpolation_duration: 1}
$data merge entity $(bone_right_arm_hazmat) {transformation: [-0.8107f,-0.2125f,0.5455f,-0.0148f,0.2767f,0.682f,0.677f,-2.0129f,-0.5159f,0.6998f,-0.4941f,0.5056f,0f,0f,0f,1f],start_interpolation: 0,interpolation_duration: 1}
$data merge entity $(bone_left_arm_hazmat) {transformation: [0.4319f,-0.3586f,0.8276f,-0.5148f,0.901f,0.2138f,-0.3775f,-2.5635f,-0.0416f,0.9087f,0.4155f,0.2666f,0f,0f,0f,1f],start_interpolation: 0,interpolation_duration: 1}
$data merge entity $(bone_helmet) {transformation: [0.6613f,0.1574f,-0.7335f,-0.236f,0.432f,0.7195f,0.5439f,-2.2993f,0.6133f,-0.6765f,0.4077f,0.4024f,0f,0f,0f,1f],start_interpolation: 0,interpolation_duration: 1}
$data merge entity $(bone_upper) {transformation: [0.64f,-0.6018f,-0.4778f,0.1389f,0.7049f,0.7073f,0.0533f,-2.7855f,0.3059f,-0.3709f,0.8768f,0.6363f,0f,0f,0f,1f],start_interpolation: 0,interpolation_duration: 1}
data modify entity @s data merge value {"cameras":{},"locators":{"camera":{"posx":-0.2619070768632884,"posy":-2.116352514900048,"posz":0.03505344351942147,"roty":208.58867760877723,"rotx":3.055809316300553}}}