# This file was generated by Animated Java via MC-Build. It is not recommended to edit this file directly.
$data merge entity $(bone_right_leg_hazmat) {transformation: [0.7352f,-0.6605f,0.1522f,0.2536f,0.6756f,0.6956f,-0.2445f,-2.5629f,0.0556f,0.2826f,0.9576f,0.6639f,0f,0f,0f,1f],start_interpolation: 0,interpolation_duration: 1}
$data merge entity $(bone_left_leg_hazmat) {transformation: [0.7704f,-0.636f,0.0456f,0.0621f,0.6359f,0.7613f,-0.1267f,-2.7967f,0.0459f,0.1266f,0.9909f,0.5001f,0f,0f,0f,1f],start_interpolation: 0,interpolation_duration: 1}
$data merge entity $(bone_right_arm_hazmat) {transformation: [-0.7478f,-0.087f,0.6582f,0.1191f,0.3964f,0.7368f,0.5478f,-1.9299f,-0.5326f,0.6705f,-0.5165f,0.3972f,0f,0f,0f,1f],start_interpolation: 0,interpolation_duration: 1}
$data merge entity $(bone_left_arm_hazmat) {transformation: [0.5864f,-0.3148f,0.7463f,-0.4715f,0.8066f,0.3111f,-0.5026f,-2.3913f,-0.074f,0.8967f,0.4364f,0.1765f,0f,0f,0f,1f],start_interpolation: 0,interpolation_duration: 1}
$data merge entity $(bone_helmet) {transformation: [0.7278f,0.2841f,-0.6242f,-0.1499f,0.331f,0.6517f,0.6825f,-2.176f,0.6006f,-0.7033f,0.3803f,0.3039f,0f,0f,0f,1f],start_interpolation: 0,interpolation_duration: 1}
$data merge entity $(bone_upper) {transformation: [0.7559f,-0.4651f,-0.4608f,0.1317f,0.5906f,0.7881f,0.1734f,-2.7117f,0.2825f,-0.4032f,0.8704f,0.5597f,0f,0f,0f,1f],start_interpolation: 0,interpolation_duration: 1}
data modify entity @s data merge value {"cameras":{},"locators":{"camera":{"posx":-0.1424155093463973,"posy":-2.0063955281058155,"posz":-0.07065431894014429,"roty":207.89778089298193,"rotx":9.985984591786941}}}