# This file was generated by Animated Java via MC-Build. It is not recommended to edit this file directly.
$data merge entity $(bone_right_leg_hazmat) {transformation: [0.8587f,-0.5112f,0.0363f,0.2695f,0.511f,0.8486f,-0.1372f,-2.4894f,0.0393f,0.1364f,0.9899f,0.5823f,0f,0f,0f,1f],start_interpolation: 0,interpolation_duration: 1}
$data merge entity $(bone_left_leg_hazmat) {transformation: [0.8635f,-0.5013f,-0.0557f,0.0378f,0.5008f,0.8653f,-0.0226f,-2.6899f,0.0596f,-0.0084f,0.9982f,0.4263f,0f,0f,0f,1f],start_interpolation: 0,interpolation_duration: 1}
$data merge entity $(bone_right_arm_hazmat) {transformation: [-0.6686f,0.0501f,0.7419f,0.2479f,0.5019f,0.7666f,0.4005f,-1.8526f,-0.5487f,0.6401f,-0.5377f,0.2891f,0f,0f,0f,1f],start_interpolation: 0,interpolation_duration: 1}
$data merge entity $(bone_left_arm_hazmat) {transformation: [0.7203f,-0.2484f,0.6476f,-0.4169f,0.6855f,0.3978f,-0.6098f,-2.2097f,-0.1062f,0.8832f,0.4568f,0.0868f,0f,0f,0f,1f],start_interpolation: 0,interpolation_duration: 1}
$data merge entity $(bone_helmet) {transformation: [0.779f,0.3911f,-0.49f,-0.0612f,0.2195f,0.562f,0.7975f,-2.0503f,0.5873f,-0.7288f,0.352f,0.2056f,0f,0f,0f,1f],start_interpolation: 0,interpolation_duration: 1}
$data merge entity $(bone_upper) {transformation: [0.8509f,-0.3197f,-0.4168f,0.1221f,0.4571f,0.8417f,0.2874f,-2.617f,0.2589f,-0.4351f,0.8624f,0.483f,0f,0f,0f,1f],start_interpolation: 0,interpolation_duration: 1}
data modify entity @s data merge value {"cameras":{},"locators":{"camera":{"posx":-0.026068650038832644,"posy":-1.8998109563440968,"posz":-0.17546917708336868,"roty":205.7967313402443,"rotx":16.703192514796974}}}