# This file was generated by Animated Java via MC-Build. It is not recommended to edit this file directly.
$data merge entity $(bone_right_leg_hazmat) {transformation: [0.9456f,-0.3243f,-0.0262f,0.2827f,0.3246f,0.9458f,0.0061f,-2.3994f,0.0229f,-0.0143f,0.9996f,0.5005f,0f,0f,0f,1f],start_interpolation: 0,interpolation_duration: 1}
$data merge entity $(bone_left_leg_hazmat) {transformation: [0.9328f,-0.3403f,-0.1185f,0.017f,0.3528f,0.9294f,0.1085f,-2.5596f,0.0732f,-0.143f,0.987f,0.3526f,0f,0f,0f,1f],start_interpolation: 0,interpolation_duration: 1}
$data merge entity $(bone_right_arm_hazmat) {transformation: [-0.5763f,0.1936f,0.794f,0.3704f,0.5913f,0.7694f,0.2415f,-1.7795f,-0.5642f,0.6087f,-0.5579f,0.1813f,0f,0f,0f,1f],start_interpolation: 0,interpolation_duration: 1}
$data merge entity $(bone_left_arm_hazmat) {transformation: [0.829f,-0.1623f,0.5352f,-0.3497f,0.542f,0.4691f,-0.6973f,-2.0203f,-0.1379f,0.8681f,0.4768f,-0.0025f,0f,0f,0f,1f],start_interpolation: 0,interpolation_duration: 1}
$data merge entity $(bone_helmet) {transformation: [0.8133f,0.4749f,-0.3362f,0.0301f,0.0999f,0.4553f,0.8847f,-1.9222f,0.5732f,-0.7531f,0.3228f,0.1077f,0f,0f,0f,1f],start_interpolation: 0,interpolation_duration: 1}
$data merge entity $(bone_upper) {transformation: [0.9218f,-0.1712f,-0.3479f,0.1136f,0.3082f,0.8679f,0.3896f,-2.5014f,0.2352f,-0.4664f,0.8527f,0.4064f,0f,0f,0f,1f],start_interpolation: 0,interpolation_duration: 1}
data modify entity @s data merge value {"cameras":{},"locators":{"camera":{"posx":0.08629178583468634,"posy":-1.7950331831012,"posz":-0.2793336833712909,"roty":202.19181947596502,"rotx":22.932554838940426}}}