# This file was generated by Animated Java via MC-Build. It is not recommended to edit this file directly.
$data merge entity $(bone_right_leg_hazmat) {transformation: [0.9922f,-0.1216f,-0.0268f,0.2962f,0.1244f,0.9786f,0.1638f,-2.293f,0.0063f,-0.1658f,0.9861f,0.4187f,0f,0f,0f,1f],start_interpolation: 0,interpolation_duration: 1}
$data merge entity $(bone_left_leg_hazmat) {transformation: [0.9767f,-0.1658f,-0.1361f,0.0037f,0.1962f,0.9471f,0.2541f,-2.4071f,0.0867f,-0.2749f,0.9576f,0.2788f,0f,0f,0f,1f],start_interpolation: 0,interpolation_duration: 1}
$data merge entity $(bone_right_arm_hazmat) {transformation: [-0.4739f,0.338f,0.8131f,0.4856f,0.6635f,0.7442f,0.0774f,-1.709f,-0.5789f,0.5762f,-0.577f,0.0738f,0f,0f,0f,1f],start_interpolation: 0,interpolation_duration: 1}
$data merge entity $(bone_left_arm_hazmat) {transformation: [0.9087f,-0.0601f,0.4132f,-0.2691f,0.3816f,0.5209f,-0.7636f,-1.825f,-0.1693f,0.8515f,0.4962f,-0.0913f,0f,0f,0f,1f],start_interpolation: 0,interpolation_duration: 1}
$data merge entity $(bone_helmet) {transformation: [0.8292f,0.5329f,-0.1687f,0.1241f,-0.0252f,0.3371f,0.9411f,-1.7918f,0.5584f,-0.7761f,0.293f,0.0101f,0f,0f,0f,1f],start_interpolation: 0,interpolation_duration: 1}
$data merge entity $(bone_upper) {transformation: [0.9661f,-0.0246f,-0.257f,0.1101f,0.1485f,0.8674f,0.475f,-2.3656f,0.2113f,-0.4971f,0.8416f,0.3297f,0f,0f,0f,1f],start_interpolation: 0,interpolation_duration: 1}
data modify entity @s data merge value {"cameras":{},"locators":{"camera":{"posx":0.1943152108444543,"posy":-1.6903262716034932,"posz":-0.38219421045289437,"roty":196.98422405160827,"rotx":28.360250916833152}}}