# This file was generated by Animated Java via MC-Build. It is not recommended to edit this file directly.
$data merge entity $(bone_right_leg_hazmat) {transformation: [0.9967f,0.0737f,0.0351f,0.3128f,-0.0809f,0.9463f,0.3128f,-2.1706f,-0.0102f,-0.3146f,0.9492f,0.3368f,0f,0f,0f,1f],start_interpolation: 0,interpolation_duration: 1}
$data merge entity $(bone_left_leg_hazmat) {transformation: [0.9943f,0.008f,-0.1059f,0.0017f,0.0352f,0.9159f,0.3999f,-2.2341f,0.1002f,-0.4013f,0.9104f,0.205f,0f,0f,0f,1f],start_interpolation: 0,interpolation_duration: 1}
$data merge entity $(bone_right_arm_hazmat) {transformation: [-0.3647f,0.4776f,0.7993f,0.5931f,0.7179f,0.6909f,-0.0853f,-1.6391f,-0.5929f,0.5427f,-0.5949f,-0.0334f,0f,0f,0f,1f],start_interpolation: 0,interpolation_duration: 1}
$data merge entity $(bone_left_arm_hazmat) {transformation: [0.9569f,0.0536f,0.2853f,-0.1742f,0.2102f,0.55f,-0.8083f,-1.6256f,-0.2002f,0.8334f,0.515f,-0.1796f,0f,0f,0f,1f],start_interpolation: 0,interpolation_duration: 1}
$data merge entity $(bone_helmet) {transformation: [0.8257f,0.564f,0.0063f,0.2212f,-0.1531f,0.2133f,0.9649f,-1.659f,0.5429f,-0.7977f,0.2625f,-0.0871f,0f,0f,0f,1f],start_interpolation: 0,interpolation_duration: 1}
$data merge entity $(bone_upper) {transformation: [0.9822f,0.1153f,-0.1485f,0.1149f,-0.0173f,0.842f,0.5392f,-2.211f,0.1872f,-0.527f,0.829f,0.2529f,0f,0f,0f,1f],start_interpolation: 0,interpolation_duration: 1}
data modify entity @s data merge value {"cameras":{},"locators":{"camera":{"posx":0.29816877167594535,"posy":-1.5839166501689774,"posz":-0.48400117095941214,"roty":190.1565694329371,"rotx":32.63102767726936}}}