# This file was generated by Animated Java via MC-Build. It is not recommended to edit this file directly.
$data merge entity $(bone_head) {transformation: [-0.9848f,0.0802f,-0.154f,0f,-0.0012f,0.8838f,0.4678f,-0.8666f,0.1736f,0.4609f,-0.8703f,-0.0083f,0f,0f,0f,1f],start_interpolation: 0,interpolation_duration: 1}
$data merge entity $(bone_knife) {transformation: [-0.9691f,-0.1206f,-0.2152f,-0.403f,-0.0606f,0.9621f,-0.266f,-2.0422f,0.2391f,-0.2448f,-0.9396f,0.3643f,0f,0f,0f,1f],start_interpolation: 0,interpolation_duration: 1}
$data merge entity $(bone_right_arm) {transformation: [-0.9691f,-0.1206f,-0.2152f,-0.375f,-0.0606f,0.9621f,-0.266f,-0.8666f,0.2391f,-0.2448f,-0.9396f,-0.0083f,0f,0f,0f,1f],start_interpolation: 0,interpolation_duration: 1}
$data merge entity $(bone_left_arm) {transformation: [-1f,0f,0f,0.375f,0f,0.6143f,-0.7891f,-0.8666f,0f,-0.7891f,-0.6143f,-0.0083f,0f,0f,0f,1f],start_interpolation: 0,interpolation_duration: 1}
$data merge entity $(bone_torso) {transformation: [-1f,0f,0f,0f,0f,0.9923f,-0.1236f,-1.9365f,0f,-0.1236f,-0.9923f,0.125f,0f,0f,0f,1f],start_interpolation: 0,interpolation_duration: 1}
$data merge entity $(bone_right_leg_hazmat) {transformation: [-0.9999f,0.0143f,-0.0043f,-0.2188f,0.0148f,0.9832f,-0.1822f,-2.3125f,0.0016f,-0.1822f,-0.9833f,1.0625f,0f,0f,0f,1f],start_interpolation: 0,interpolation_duration: 1}
$data merge entity $(bone_left_leg_hazmat) {transformation: [-0.999f,-0.0429f,-0.0077f,0.125f,-0.0431f,0.9988f,0.0225f,-2.3125f,0.0067f,0.0228f,-0.9997f,1.0625f,0f,0f,0f,1f],start_interpolation: 0,interpolation_duration: 1}
$data merge entity $(bone_right_arm_hazmat) {transformation: [-0.999f,0.0435f,-0.0038f,-0.4063f,0.0434f,0.9798f,-0.195f,-1.6291f,-0.0047f,-0.195f,-0.9808f,0.9877f,0f,0f,0f,1f],start_interpolation: 0,interpolation_duration: 1}
$data merge entity $(bone_left_arm_hazmat) {transformation: [-0.999f,-0.0435f,0.0038f,0.375f,-0.0434f,0.9798f,-0.195f,-1.6291f,0.0047f,-0.195f,-0.9808f,0.9877f,0f,0f,0f,1f],start_interpolation: 0,interpolation_duration: 1}
$data merge entity $(bone_helmet) {transformation: [-1f,0f,0f,-0.0313f,0f,0.9998f,-0.0218f,-1.6602f,0f,-0.0218f,-0.9998f,0.9911f,0f,0f,0f,1f],start_interpolation: 0,interpolation_duration: 1}
$data merge entity $(bone_upper) {transformation: [-1f,0f,0f,0f,0f,0.9941f,-0.1089f,-2.3125f,0f,-0.1089f,-0.9941f,1.0625f,0f,0f,0f,1f],start_interpolation: 0,interpolation_duration: 1}
data modify entity @s data merge value {"cameras":{},"locators":{"left_arm_grab":{"posx":0.5874999999999999,"posy":-1.69784679085109,"posz":1.059471560181097,"roty":0,"rotx":-52.10000000000002},"camera":{"posx":-0.03125000000000015,"posy":-1.3479121204609859,"posz":1.258654206292979,"roty":0,"rotx":-6.250000000000003}}}