# This file was generated by Animated Java via MC-Build. It is not recommended to edit this file directly.
$data merge entity $(bone_right_leg_hazmat) {transformation: [0.9589f,0.2398f,0.1519f,0.3351f,-0.2826f,0.8566f,0.4317f,-2.033f,-0.0266f,-0.4569f,0.8891f,0.2547f,0f,0f,0f,1f],start_interpolation: 0,interpolation_duration: 1}
$data merge entity $(bone_left_leg_hazmat) {transformation: [0.9855f,0.1668f,-0.0297f,0.0144f,-0.1257f,0.8377f,0.5315f,-2.0429f,0.1135f,-0.52f,0.8466f,0.1312f,0f,0f,0f,1f],start_interpolation: 0,interpolation_duration: 1}
$data merge entity $(bone_right_arm_hazmat) {transformation: [-0.2517f,0.607f,0.7538f,0.6928f,0.7545f,0.6109f,-0.2399f,-1.568f,-0.6061f,0.5084f,-0.6117f,-0.1401f,0f,0f,0f,1f],start_interpolation: 0,interpolation_duration: 1}
$data merge entity $(bone_left_arm_hazmat) {transformation: [0.9724f,0.1738f,0.1554f,-0.0645f,0.0338f,0.5543f,-0.8316f,-1.4242f,-0.2307f,0.814f,0.5331f,-0.2674f,0f,0f,0f,1f],start_interpolation: 0,interpolation_duration: 1}
$data merge entity $(bone_helmet) {transformation: [0.8024f,0.5682f,0.1824f,0.3217f,-0.2808f,0.0897f,0.9556f,-1.5238f,0.5266f,-0.818f,0.2315f,-0.1838f,0f,0f,0f,1f],start_interpolation: 0,interpolation_duration: 1}
$data merge entity $(bone_upper) {transformation: [0.9693f,0.2443f,-0.0271f,0.131f,-0.184f,0.7943f,0.579f,-2.0393f,0.163f,-0.5562f,0.8149f,0.1761f,0f,0f,0f,1f],start_interpolation: 0,interpolation_duration: 1}
data modify entity @s data merge value {"cameras":{},"locators":{"camera":{"posx":0.398530771358233,"posy":-1.4741278063650805,"posz":-0.5847092211123857,"roty":181.90567647708738,"rotx":35.379161356485824}}}