# This file was generated by Animated Java via MC-Build. It is not recommended to edit this file directly.
$data merge entity $(bone_head) {transformation: [-0.9615f,0.2506f,0.1132f,0.2646f,0.2264f,0.4878f,0.843f,-1.2859f,0.156f,0.8362f,-0.5258f,-0.0377f,0f,0f,0f,1f],start_interpolation: 0,interpolation_duration: 1}
$data merge entity $(bone_knife) {transformation: [-0.9647f,0.2552f,0.0655f,-0.593f,0.2604f,0.9614f,0.0887f,-2.3197f,-0.0404f,0.1026f,-0.9939f,-0.1457f,0f,0f,0f,1f],start_interpolation: 0,interpolation_duration: 1}
$data merge entity $(bone_right_arm) {transformation: [-0.9647f,0.2552f,0.0655f,-0.099f,0.2604f,0.9614f,0.0887f,-1.1941f,-0.0404f,0.1026f,-0.9939f,-0.0441f,0f,0f,0f,1f],start_interpolation: 0,interpolation_duration: 1}
$data merge entity $(bone_left_arm) {transformation: [-0.8804f,0.4596f,-0.1166f,0.53f,0.4483f,0.7267f,-0.5206f,-1.7804f,-0.1545f,-0.5106f,-0.8458f,-0.2341f,0f,0f,0f,1f],start_interpolation: 0,interpolation_duration: 1}
$data merge entity $(bone_torso) {transformation: [-0.9694f,0.2454f,0.0071f,0f,0.2449f,0.9686f,-0.0418f,-2.3302f,-0.0171f,-0.0388f,-0.9991f,0.0042f,0f,0f,0f,1f],start_interpolation: 0,interpolation_duration: 1}
$data merge entity $(bone_left_leg) {transformation: [-1f,0f,0f,0.2344f,0f,0.0102f,0.9999f,-2.8458f,0f,0.9999f,-0.0102f,0.124f,0f,0f,0f,1f],start_interpolation: 0,interpolation_duration: 1}
$data merge entity $(bone_right_leg_hazmat) {transformation: [0.9589f,0.2398f,0.1519f,0.3351f,-0.2826f,0.8566f,0.4317f,-1.9964f,-0.0266f,-0.4569f,0.8891f,0.2589f,0f,0f,0f,1f],start_interpolation: 0,interpolation_duration: 1}
$data merge entity $(bone_left_leg_hazmat) {transformation: [0.9855f,0.1668f,-0.0297f,0.0144f,-0.1257f,0.8377f,0.5315f,-2.0063f,0.1135f,-0.52f,0.8466f,0.1354f,0f,0f,0f,1f],start_interpolation: 0,interpolation_duration: 1}
$data merge entity $(bone_right_arm_hazmat) {transformation: [-0.2515f,0.6116f,0.7502f,0.6932f,0.7412f,0.6201f,-0.2571f,-1.5411f,-0.6224f,0.4914f,-0.6092f,-0.1492f,0f,0f,0f,1f],start_interpolation: 0,interpolation_duration: 1}
$data merge entity $(bone_left_arm_hazmat) {transformation: [0.9715f,0.1796f,0.1546f,-0.0641f,0.0246f,0.5724f,-0.8196f,-1.3973f,-0.2357f,0.8001f,0.5517f,-0.2766f,0f,0f,0f,1f],start_interpolation: 0,interpolation_duration: 1}
$data merge entity $(bone_helmet) {transformation: [0.8037f,0.5649f,0.1871f,0.3221f,-0.2716f,0.0684f,0.96f,-1.4965f,0.5295f,-0.8223f,0.2084f,-0.1924f,0f,0f,0f,1f],start_interpolation: 0,interpolation_duration: 1}
$data merge entity $(bone_upper) {transformation: [0.9693f,0.2449f,-0.0212f,0.131f,-0.184f,0.7802f,0.5979f,-2.0027f,0.163f,-0.5756f,0.8013f,0.1803f,0f,0f,0f,1f],start_interpolation: 0,interpolation_duration: 1}
data modify entity @s data merge value {"cameras":{},"locators":{"left_arm_grab":{"posx":0.09514878385060987,"posy":-2.858949793747583,"posz":0.4896647024310879,"roty":352.15340797577124,"rotx":-31.370159076752717},"camera":{"posx":0.397313396664007,"posy":-1.456410158182008,"posz":-0.5946497563815578,"roty":181.51852699381286,"rotx":36.718062707278484}}}