# This file was generated by Animated Java via MC-Build. It is not recommended to edit this file directly.
$data merge entity $(bone_head) {transformation: [-0.9655f,0.2382f,0.1047f,0.25f,0.2125f,0.4898f,0.8455f,-1.2686f,0.1502f,0.8387f,-0.5236f,-0.03f,0f,0f,0f,1f],start_interpolation: 0,interpolation_duration: 1}
$data merge entity $(bone_knife) {transformation: [-0.968f,0.2409f,0.0707f,-0.5921f,0.2468f,0.9647f,0.0914f,-2.3143f,-0.0461f,0.1059f,-0.9933f,-0.1453f,0f,0f,0f,1f],start_interpolation: 0,interpolation_duration: 1}
$data merge entity $(bone_right_arm) {transformation: [-0.968f,0.2409f,0.0707f,-0.1147f,0.2468f,0.9647f,0.0914f,-1.1819f,-0.0461f,0.1059f,-0.9933f,-0.0386f,0f,0f,0f,1f],start_interpolation: 0,interpolation_duration: 1}
$data merge entity $(bone_left_arm) {transformation: [-0.8857f,0.4525f,-0.1037f,0.5236f,0.436f,0.7341f,-0.5206f,-1.759f,-0.1594f,-0.5063f,-0.8475f,-0.2255f,0f,0f,0f,1f],start_interpolation: 0,interpolation_duration: 1}
$data merge entity $(bone_torso) {transformation: [-0.9726f,0.2319f,0.0141f,0f,0.2312f,0.9721f,-0.0399f,-2.3167f,-0.023f,-0.0355f,-0.9991f,0.0083f,0f,0f,0f,1f],start_interpolation: 0,interpolation_duration: 1}
$data merge entity $(bone_left_leg) {transformation: [-1f,0f,0f,0.2344f,0f,0.064f,0.998f,-2.8167f,0f,0.998f,-0.064f,0.1229f,0f,0f,0f,1f],start_interpolation: 0,interpolation_duration: 1}
$data merge entity $(bone_right_leg_hazmat) {transformation: [0.9589f,0.2398f,0.1519f,0.3351f,-0.2826f,0.8566f,0.4317f,-1.9598f,-0.0266f,-0.4569f,0.8891f,0.263f,0f,0f,0f,1f],start_interpolation: 0,interpolation_duration: 1}
$data merge entity $(bone_left_leg_hazmat) {transformation: [0.9855f,0.1668f,-0.0297f,0.0144f,-0.1257f,0.8377f,0.5315f,-1.9697f,0.1135f,-0.52f,0.8466f,0.1396f,0f,0f,0f,1f],start_interpolation: 0,interpolation_duration: 1}
$data merge entity $(bone_right_arm_hazmat) {transformation: [-0.2514f,0.6161f,0.7464f,0.6935f,0.7275f,0.6289f,-0.2741f,-1.5145f,-0.6384f,0.4741f,-0.6064f,-0.1582f,0f,0f,0f,1f],start_interpolation: 0,interpolation_duration: 1}
$data merge entity $(bone_left_arm_hazmat) {transformation: [0.9705f,0.1854f,0.1539f,-0.0638f,0.0153f,0.5901f,-0.8072f,-1.3707f,-0.2404f,0.7858f,0.5699f,-0.2855f,0f,0f,0f,1f],start_interpolation: 0,interpolation_duration: 1}
$data merge entity $(bone_helmet) {transformation: [0.805f,0.5615f,0.1918f,0.3223f,-0.2624f,0.0471f,0.9638f,-1.4694f,0.5321f,-0.8261f,0.1852f,-0.2007f,0f,0f,0f,1f],start_interpolation: 0,interpolation_duration: 1}
$data merge entity $(bone_upper) {transformation: [0.9693f,0.2454f,-0.0154f,0.131f,-0.184f,0.7656f,0.6164f,-1.9661f,0.163f,-0.5947f,0.7873f,0.1845f,0f,0f,0f,1f],start_interpolation: 0,interpolation_duration: 1}
data modify entity @s data merge value {"cameras":{},"locators":{"left_arm_grab":{"posx":0.09950268917565175,"posy":-2.84490833282502,"posz":0.49350250253250616,"roty":353.02262265711386,"rotx":-31.371951015638952},"camera":{"posx":0.39596011533787556,"posy":-1.4390104301960702,"posz":-0.6041410780723095,"roty":181.11764672953367,"rotx":38.05566587497944}}}