# This file was generated by Animated Java via MC-Build. It is not recommended to edit this file directly.
$data merge entity $(bone_head) {transformation: [-0.9694f,0.2259f,0.096f,0.2353f,0.1985f,0.4915f,0.848f,-1.2516f,0.1444f,0.8411f,-0.5213f,-0.0223f,0f,0f,0f,1f],start_interpolation: 0,interpolation_duration: 1}
$data merge entity $(bone_knife) {transformation: [-0.9711f,0.2265f,0.0757f,-0.591f,0.2331f,0.9679f,0.0944f,-2.3089f,-0.0519f,0.1093f,-0.9927f,-0.145f,0f,0f,0f,1f],start_interpolation: 0,interpolation_duration: 1}
$data merge entity $(bone_right_arm) {transformation: [-0.9711f,0.2265f,0.0757f,-0.1305f,0.2331f,0.9679f,0.0944f,-1.17f,-0.0519f,0.1093f,-0.9927f,-0.0331f,0f,0f,0f,1f],start_interpolation: 0,interpolation_duration: 1}
$data merge entity $(bone_left_arm) {transformation: [-0.9193f,0.2987f,-0.2563f,0.5022f,0.3793f,0.4985f,-0.7795f,-1.7856f,-0.1051f,-0.8138f,-0.5715f,-0.0746f,0f,0f,0f,1f],start_interpolation: 0,interpolation_duration: 1}
$data merge entity $(bone_torso) {transformation: [-0.9757f,0.2183f,0.0211f,0f,0.2174f,0.9754f,-0.0377f,-2.3031f,-0.0288f,-0.0322f,-0.9991f,0.0125f,0f,0f,0f,1f],start_interpolation: 0,interpolation_duration: 1}
$data merge entity $(bone_left_leg) {transformation: [-1f,0f,0f,0.2344f,0f,0.1175f,0.9931f,-2.7875f,0f,0.9931f,-0.1175f,0.1219f,0f,0f,0f,1f],start_interpolation: 0,interpolation_duration: 1}
$data merge entity $(bone_right_leg_hazmat) {transformation: [0.9589f,0.2398f,0.1519f,0.3351f,-0.2826f,0.8566f,0.4317f,-1.9231f,-0.0266f,-0.4569f,0.8891f,0.2672f,0f,0f,0f,1f],start_interpolation: 0,interpolation_duration: 1}
$data merge entity $(bone_left_leg_hazmat) {transformation: [0.9855f,0.1668f,-0.0297f,0.0144f,-0.1257f,0.8377f,0.5315f,-1.9331f,0.1135f,-0.52f,0.8466f,0.1437f,0f,0f,0f,1f],start_interpolation: 0,interpolation_duration: 1}
$data merge entity $(bone_right_arm_hazmat) {transformation: [-0.2514f,0.6207f,0.7427f,0.6937f,0.7135f,0.6373f,-0.2911f,-1.4882f,-0.654f,0.4567f,-0.6031f,-0.1669f,0f,0f,0f,1f],start_interpolation: 0,interpolation_duration: 1}
$data merge entity $(bone_left_arm_hazmat) {transformation: [0.9695f,0.1912f,0.1533f,-0.0636f,0.0058f,0.6075f,-0.7943f,-1.3444f,-0.245f,0.771f,0.5878f,-0.2942f,0f,0f,0f,1f],start_interpolation: 0,interpolation_duration: 1}
$data merge entity $(bone_helmet) {transformation: [0.8063f,0.558f,0.1963f,0.3225f,-0.2532f,0.0256f,0.9671f,-1.4426f,0.5346f,-0.8295f,0.1619f,-0.2088f,0f,0f,0f,1f],start_interpolation: 0,interpolation_duration: 1}
$data merge entity $(bone_upper) {transformation: [0.9693f,0.2457f,-0.0095f,0.131f,-0.184f,0.7506f,0.6346f,-1.9295f,0.163f,-0.6134f,0.7728f,0.1886f,0f,0f,0f,1f],start_interpolation: 0,interpolation_duration: 1}
data modify entity @s data merge value {"cameras":{},"locators":{"left_arm_grab":{"posx":0.29342991069981733,"posy":-2.540717426859251,"posz":1.0488964706020933,"roty":335.8454307232985,"rotx":-51.21708870375131},"camera":{"posx":0.3944717067205745,"posy":-1.421917550771716,"posz":-0.6131753206902373,"roty":180.70184600251756,"rotx":39.39185694968879}}}