# This file was generated by Animated Java via MC-Build. It is not recommended to edit this file directly.
$data merge entity $(bone_head) {transformation: [-0.973f,0.2135f,0.0873f,0.2206f,0.1844f,0.4929f,0.8503f,-1.2347f,0.1385f,0.8435f,-0.519f,-0.0145f,0f,0f,0f,1f],start_interpolation: 0,interpolation_duration: 1}
$data merge entity $(bone_knife) {transformation: [-0.9739f,0.212f,0.0807f,-0.5899f,0.2194f,0.9708f,0.0974f,-2.3034f,-0.0577f,0.1126f,-0.992f,-0.1446f,0f,0f,0f,1f],start_interpolation: 0,interpolation_duration: 1}
$data merge entity $(bone_right_arm) {transformation: [-0.9739f,0.212f,0.0807f,-0.1463f,0.2194f,0.9708f,0.0974f,-1.1584f,-0.0577f,0.1126f,-0.992f,-0.0275f,0f,0f,0f,1f],start_interpolation: 0,interpolation_duration: 1}
$data merge entity $(bone_left_arm) {transformation: [-0.9465f,0.108f,-0.3041f,0.4803f,0.3187f,0.1646f,-0.9334f,-1.8134f,-0.0507f,-0.9804f,-0.1902f,0.0758f,0f,0f,0f,1f],start_interpolation: 0,interpolation_duration: 1}
$data merge entity $(bone_torso) {transformation: [-0.9784f,0.2046f,0.028f,0f,0.2036f,0.9784f,-0.0354f,-2.2896f,-0.0347f,-0.0289f,-0.999f,0.0167f,0f,0f,0f,1f],start_interpolation: 0,interpolation_duration: 1}
$data merge entity $(bone_left_leg) {transformation: [-1f,0f,0f,0.2344f,0f,0.1708f,0.9853f,-2.7583f,0f,0.9853f,-0.1708f,0.1208f,0f,0f,0f,1f],start_interpolation: 0,interpolation_duration: 1}
$data merge entity $(bone_right_leg_hazmat) {transformation: [0.9589f,0.2398f,0.1519f,0.3351f,-0.2826f,0.8566f,0.4317f,-1.8865f,-0.0266f,-0.4569f,0.8891f,0.2714f,0f,0f,0f,1f],start_interpolation: 0,interpolation_duration: 1}
$data merge entity $(bone_left_leg_hazmat) {transformation: [0.9855f,0.1668f,-0.0297f,0.0144f,-0.1257f,0.8377f,0.5315f,-1.8964f,0.1135f,-0.52f,0.8466f,0.1479f,0f,0f,0f,1f],start_interpolation: 0,interpolation_duration: 1}
$data merge entity $(bone_right_arm_hazmat) {transformation: [-0.2516f,0.6252f,0.7388f,0.6938f,0.6991f,0.6453f,-0.308f,-1.4622f,-0.6693f,0.439f,-0.5994f,-0.1753f,0f,0f,0f,1f],start_interpolation: 0,interpolation_duration: 1}
$data merge entity $(bone_left_arm_hazmat) {transformation: [0.9684f,0.1969f,0.1529f,-0.0635f,-0.0037f,0.6245f,-0.781f,-1.3184f,-0.2493f,0.7558f,0.6055f,-0.3027f,0f,0f,0f,1f],start_interpolation: 0,interpolation_duration: 1}
$data merge entity $(bone_helmet) {transformation: [0.8077f,0.5544f,0.2008f,0.3226f,-0.2439f,0.0041f,0.9698f,-1.4161f,0.5368f,-0.8323f,0.1385f,-0.2167f,0f,0f,0f,1f],start_interpolation: 0,interpolation_duration: 1}
$data merge entity $(bone_upper) {transformation: [0.9693f,0.2458f,-0.0036f,0.131f,-0.184f,0.7351f,0.6524f,-1.8928f,0.163f,-0.6318f,0.7578f,0.1928f,0f,0f,0f,1f],start_interpolation: 0,interpolation_duration: 1}
data modify entity @s data merge value {"cameras":{},"locators":{"left_arm_grab":{"posx":0.5352717338665137,"posy":-2.1038221680772193,"posz":1.4132487348011473,"roty":302.02319990353334,"rotx":-68.97819014558848},"camera":{"posx":0.3928490279712509,"posy":-1.405120271562478,"posz":-0.6217448819680527,"roty":180.26981545039632,"rotx":40.72651031390795}}}