# This file was generated by Animated Java via MC-Build. It is not recommended to edit this file directly.
$data merge entity $(bone_head) {transformation: [-0.9764f,0.2011f,0.0785f,0.2057f,0.1703f,0.4941f,0.8526f,-1.2181f,0.1327f,0.8458f,-0.5167f,-0.0068f,0f,0f,0f,1f],start_interpolation: 0,interpolation_duration: 1}
$data merge entity $(bone_knife) {transformation: [-0.9766f,0.1975f,0.0856f,-0.5886f,0.2057f,0.9734f,0.1007f,-2.2979f,-0.0635f,0.1159f,-0.9912f,-0.1442f,0f,0f,0f,1f],start_interpolation: 0,interpolation_duration: 1}
$data merge entity $(bone_right_arm) {transformation: [-0.9766f,0.1975f,0.0856f,-0.1621f,0.2057f,0.9734f,0.1007f,-1.1469f,-0.0635f,0.1159f,-0.9912f,-0.022f,0f,0f,0f,1f],start_interpolation: 0,interpolation_duration: 1}
$data merge entity $(bone_left_arm) {transformation: [-0.9669f,-0.0613f,-0.2477f,0.4577f,0.2552f,-0.2192f,-0.9417f,-1.8422f,0.0034f,-0.9738f,0.2276f,0.2259f,0f,0f,0f,1f],start_interpolation: 0,interpolation_duration: 1}
$data merge entity $(bone_torso) {transformation: [-0.981f,0.1908f,0.0349f,0f,0.1897f,0.9813f,-0.0329f,-2.276f,-0.0405f,-0.0256f,-0.9989f,0.0208f,0f,0f,0f,1f],start_interpolation: 0,interpolation_duration: 1}
$data merge entity $(bone_left_leg) {transformation: [-1f,0f,0f,0.2344f,0f,0.2235f,0.9747f,-2.7292f,0f,0.9747f,-0.2235f,0.1198f,0f,0f,0f,1f],start_interpolation: 0,interpolation_duration: 1}
$data merge entity $(bone_right_leg_hazmat) {transformation: [0.9589f,0.2398f,0.1519f,0.3351f,-0.2826f,0.8566f,0.4317f,-1.8499f,-0.0266f,-0.4569f,0.8891f,0.2755f,0f,0f,0f,1f],start_interpolation: 0,interpolation_duration: 1}
$data merge entity $(bone_left_leg_hazmat) {transformation: [0.9855f,0.1668f,-0.0297f,0.0144f,-0.1257f,0.8377f,0.5315f,-1.8598f,0.1135f,-0.52f,0.8466f,0.1521f,0f,0f,0f,1f],start_interpolation: 0,interpolation_duration: 1}
$data merge entity $(bone_right_arm_hazmat) {transformation: [-0.2519f,0.6296f,0.735f,0.6938f,0.6843f,0.6529f,-0.3248f,-1.4365f,-0.6843f,0.4211f,-0.5953f,-0.1835f,0f,0f,0f,1f],start_interpolation: 0,interpolation_duration: 1}
$data merge entity $(bone_left_arm_hazmat) {transformation: [0.9673f,0.2027f,0.1525f,-0.0634f,-0.0133f,0.6411f,-0.7673f,-1.2927f,-0.2533f,0.7402f,0.6228f,-0.3109f,0f,0f,0f,1f],start_interpolation: 0,interpolation_duration: 1}
$data merge entity $(bone_helmet) {transformation: [0.8091f,0.5507f,0.2051f,0.3227f,-0.2345f,-0.0174f,0.972f,-1.3899f,0.5388f,-0.8345f,0.115f,-0.2244f,0f,0f,0f,1f],start_interpolation: 0,interpolation_duration: 1}
$data merge entity $(bone_upper) {transformation: [0.9693f,0.2458f,0.0023f,0.131f,-0.184f,0.7193f,0.6699f,-1.8562f,0.163f,-0.6498f,0.7424f,0.197f,0f,0f,0f,1f],start_interpolation: 0,interpolation_duration: 1}
data modify entity @s data merge value {"cameras":{},"locators":{"left_arm_grab":{"posx":0.7461401694579443,"posy":-1.5998536361904339,"posz":1.5427742863455123,"roty":227.4298559476432,"rotx":-70.34262800370152},"camera":{"posx":0.39109301357383347,"posy":-1.3886071739887778,"posz":-0.6298424272436507,"roty":179.82010990826674,"rotx":42.05948702472986}}}