# This file was generated by Animated Java via MC-Build. It is not recommended to edit this file directly.
$data merge entity $(bone_head) {transformation: [-0.9796f,0.1887f,0.0696f,0.1908f,0.156f,0.4951f,0.8547f,-1.2017f,0.1268f,0.8481f,-0.5144f,0.0009f,0f,0f,0f,1f],start_interpolation: 0,interpolation_duration: 1}
$data merge entity $(bone_knife) {transformation: [-0.979f,0.1828f,0.0905f,-0.5872f,0.1919f,0.9759f,0.1041f,-2.2924f,-0.0693f,0.1193f,-0.9904f,-0.1438f,0f,0f,0f,1f],start_interpolation: 0,interpolation_duration: 1}
$data merge entity $(bone_right_arm) {transformation: [-0.979f,0.1828f,0.0905f,-0.1779f,0.1919f,0.9759f,0.1041f,-1.1357f,-0.0693f,0.1193f,-0.9904f,-0.0164f,0f,0f,0f,1f],start_interpolation: 0,interpolation_duration: 1}
$data merge entity $(bone_left_arm) {transformation: [-0.9802f,-0.1599f,-0.1169f,0.4346f,0.1896f,-0.5866f,-0.7874f,-1.8722f,0.0573f,-0.7939f,0.6053f,0.3756f,0f,0f,0f,1f],start_interpolation: 0,interpolation_duration: 1}
$data merge entity $(bone_torso) {transformation: [-0.9833f,0.177f,0.0417f,0f,0.1758f,0.984f,-0.0302f,-2.2625f,-0.0463f,-0.0223f,-0.9987f,0.025f,0f,0f,0f,1f],start_interpolation: 0,interpolation_duration: 1}
$data merge entity $(bone_left_leg) {transformation: [-1f,0f,0f,0.2344f,0f,0.2756f,0.9613f,-2.7f,0f,0.9613f,-0.2756f,0.1188f,0f,0f,0f,1f],start_interpolation: 0,interpolation_duration: 1}
$data merge entity $(bone_right_leg_hazmat) {transformation: [0.9589f,0.2398f,0.1519f,0.3351f,-0.2826f,0.8566f,0.4317f,-1.8133f,-0.0266f,-0.4569f,0.8891f,0.2797f,0f,0f,0f,1f],start_interpolation: 0,interpolation_duration: 1}
$data merge entity $(bone_left_leg_hazmat) {transformation: [0.9855f,0.1668f,-0.0297f,0.0144f,-0.1257f,0.8377f,0.5315f,-1.8232f,0.1135f,-0.52f,0.8466f,0.1562f,0f,0f,0f,1f],start_interpolation: 0,interpolation_duration: 1}
$data merge entity $(bone_right_arm_hazmat) {transformation: [-0.2523f,0.634f,0.731f,0.6937f,0.6692f,0.66f,-0.3414f,-1.411f,-0.6989f,0.4031f,-0.5908f,-0.1915f,0f,0f,0f,1f],start_interpolation: 0,interpolation_duration: 1}
$data merge entity $(bone_left_arm_hazmat) {transformation: [0.9661f,0.2085f,0.1524f,-0.0635f,-0.0231f,0.6573f,-0.7533f,-1.2673f,-0.2572f,0.7242f,0.6398f,-0.3188f,0f,0f,0f,1f],start_interpolation: 0,interpolation_duration: 1}
$data merge entity $(bone_helmet) {transformation: [0.8106f,0.5469f,0.2094f,0.3226f,-0.2251f,-0.039f,0.9735f,-1.364f,0.5406f,-0.8363f,0.0915f,-0.2318f,0f,0f,0f,1f],start_interpolation: 0,interpolation_duration: 1}
$data merge entity $(bone_upper) {transformation: [0.9693f,0.2457f,0.0082f,0.131f,-0.184f,0.703f,0.687f,-1.8196f,0.163f,-0.6674f,0.7266f,0.2011f,0f,0f,0f,1f],start_interpolation: 0,interpolation_duration: 1}
data modify entity @s data merge value {"cameras":{},"locators":{"left_arm_grab":{"posx":0.8593337907247584,"posy":-1.1187618028403228,"posz":1.4376436210120527,"roty":190.93213193074527,"rotx":-51.939544646847715},"camera":{"posx":0.38920467479887416,"posy":-1.372366675813769,"posz":-0.6374608936840657,"roty":179.35112972641073,"rotx":43.39063292996818}}}