# This file was generated by Animated Java via MC-Build. It is not recommended to edit this file directly.
$data merge entity $(bone_head) {transformation: [-0.9825f,0.1762f,0.0606f,0.1758f,0.1418f,0.4957f,0.8568f,-1.1855f,0.121f,0.8504f,-0.512f,0.0086f,0f,0f,0f,1f],start_interpolation: 0,interpolation_duration: 1}
$data merge entity $(bone_knife) {transformation: [-0.9812f,0.1681f,0.0952f,-0.5856f,0.1781f,0.9781f,0.1077f,-2.2868f,-0.075f,0.1226f,-0.9896f,-0.1435f,0f,0f,0f,1f],start_interpolation: 0,interpolation_duration: 1}
$data merge entity $(bone_right_arm) {transformation: [-0.9812f,0.1681f,0.0952f,-0.1937f,0.1781f,0.9781f,0.1077f,-1.1248f,-0.075f,0.1226f,-0.9896f,-0.0109f,0f,0f,0f,1f],start_interpolation: 0,interpolation_duration: 1}
$data merge entity $(bone_left_arm) {transformation: [-0.9862f,-0.1613f,0.0377f,0.4111f,0.123f,-0.8657f,-0.4851f,-1.9034f,0.1109f,-0.4738f,0.8736f,0.5248f,0f,0f,0f,1f],start_interpolation: 0,interpolation_duration: 1}
$data merge entity $(bone_torso) {transformation: [-0.9854f,0.1631f,0.0484f,0f,0.1619f,0.9864f,-0.0273f,-2.249f,-0.0522f,-0.019f,-0.9985f,0.0292f,0f,0f,0f,1f],start_interpolation: 0,interpolation_duration: 1}
$data merge entity $(bone_left_leg) {transformation: [-1f,0f,0f,0.2344f,0f,0.3269f,0.945f,-2.6708f,0f,0.945f,-0.3269f,0.1177f,0f,0f,0f,1f],start_interpolation: 0,interpolation_duration: 1}
$data merge entity $(bone_right_leg_hazmat) {transformation: [0.9589f,0.2398f,0.1519f,0.3351f,-0.2826f,0.8566f,0.4317f,-1.7766f,-0.0266f,-0.4569f,0.8891f,0.2839f,0f,0f,0f,1f],start_interpolation: 0,interpolation_duration: 1}
$data merge entity $(bone_left_leg_hazmat) {transformation: [0.9855f,0.1668f,-0.0297f,0.0144f,-0.1257f,0.8377f,0.5315f,-1.7866f,0.1135f,-0.52f,0.8466f,0.1604f,0f,0f,0f,1f],start_interpolation: 0,interpolation_duration: 1}
$data merge entity $(bone_right_arm_hazmat) {transformation: [-0.2528f,0.6383f,0.7271f,0.6936f,0.6538f,0.6667f,-0.358f,-1.3859f,-0.7132f,0.3848f,-0.5859f,-0.1992f,0f,0f,0f,1f],start_interpolation: 0,interpolation_duration: 1}
$data merge entity $(bone_left_arm_hazmat) {transformation: [0.9648f,0.2143f,0.1523f,-0.0637f,-0.0329f,0.6732f,-0.7388f,-1.2421f,-0.2608f,0.7078f,0.6565f,-0.3265f,0f,0f,0f,1f],start_interpolation: 0,interpolation_duration: 1}
$data merge entity $(bone_helmet) {transformation: [0.8122f,0.543f,0.2135f,0.3224f,-0.2157f,-0.0606f,0.9746f,-1.3383f,0.5421f,-0.8376f,0.0679f,-0.2389f,0f,0f,0f,1f],start_interpolation: 0,interpolation_duration: 1}
$data merge entity $(bone_upper) {transformation: [0.9693f,0.2454f,0.0141f,0.131f,-0.184f,0.6863f,0.7036f,-1.783f,0.163f,-0.6846f,0.7104f,0.2053f,0f,0f,0f,1f],start_interpolation: 0,interpolation_duration: 1}
data modify entity @s data merge value {"cameras":{},"locators":{"left_arm_grab":{"posx":0.838841679596666,"posy":-0.7581219421536662,"posz":1.1423368995458723,"roty":177.53021891896566,"rotx":-29.021722418717406},"camera":{"posx":0.387185099121166,"posy":-1.3563870378134275,"posz":-0.6445934943528857,"roty":178.86109904885294,"rotx":44.71977646618083}}}