# This file was generated by Animated Java via MC-Build. It is not recommended to edit this file directly.
$data merge entity $(bone_head) {transformation: [-0.9851f,0.1638f,0.0515f,0.1607f,0.1274f,0.4962f,0.8588f,-1.1695f,0.1151f,0.8526f,-0.5097f,0.0164f,0f,0f,0f,1f],start_interpolation: 0,interpolation_duration: 1}
$data merge entity $(bone_knife) {transformation: [-0.9831f,0.1534f,0.0999f,-0.5839f,0.1642f,0.9801f,0.1114f,-2.2812f,-0.0808f,0.1259f,-0.9887f,-0.1431f,0f,0f,0f,1f],start_interpolation: 0,interpolation_duration: 1}
$data merge entity $(bone_right_arm) {transformation: [-0.9831f,0.1534f,0.0999f,-0.2095f,0.1642f,0.9801f,0.1114f,-1.114f,-0.0808f,0.1259f,-0.9887f,-0.0054f,0f,0f,0f,1f],start_interpolation: 0,interpolation_duration: 1}
$data merge entity $(bone_left_arm) {transformation: [-0.9849f,-0.069f,0.1589f,0.3871f,0.0563f,-0.995f,-0.083f,-1.9359f,0.1639f,-0.0728f,0.9838f,0.6735f,0f,0f,0f,1f],start_interpolation: 0,interpolation_duration: 1}
$data merge entity $(bone_torso) {transformation: [-0.9873f,0.1491f,0.055f,0f,0.1479f,0.9887f,-0.0242f,-2.2354f,-0.058f,-0.0157f,-0.9982f,0.0333f,0f,0f,0f,1f],start_interpolation: 0,interpolation_duration: 1}
$data merge entity $(bone_left_leg) {transformation: [-1f,0f,0f,0.2344f,0f,0.3773f,0.9261f,-2.6417f,0f,0.9261f,-0.3773f,0.1167f,0f,0f,0f,1f],start_interpolation: 0,interpolation_duration: 1}
$data merge entity $(bone_right_leg_hazmat) {transformation: [0.9589f,0.2398f,0.1519f,0.3351f,-0.2826f,0.8566f,0.4317f,-1.74f,-0.0266f,-0.4569f,0.8891f,0.288f,0f,0f,0f,1f],start_interpolation: 0,interpolation_duration: 1}
$data merge entity $(bone_left_leg_hazmat) {transformation: [0.9855f,0.1668f,-0.0297f,0.0144f,-0.1257f,0.8377f,0.5315f,-1.7499f,0.1135f,-0.52f,0.8466f,0.1646f,0f,0f,0f,1f],start_interpolation: 0,interpolation_duration: 1}
$data merge entity $(bone_right_arm_hazmat) {transformation: [-0.2535f,0.6426f,0.7231f,0.6933f,0.638f,0.6729f,-0.3744f,-1.361f,-0.7271f,0.3664f,-0.5805f,-0.2066f,0f,0f,0f,1f],start_interpolation: 0,interpolation_duration: 1}
$data merge entity $(bone_left_arm_hazmat) {transformation: [0.9635f,0.22f,0.1524f,-0.064f,-0.0427f,0.6886f,-0.7239f,-1.2172f,-0.2642f,0.691f,0.6729f,-0.3339f,0f,0f,0f,1f],start_interpolation: 0,interpolation_duration: 1}
$data merge entity $(bone_helmet) {transformation: [0.8137f,0.539f,0.2176f,0.3221f,-0.2063f,-0.0822f,0.975f,-1.3129f,0.5434f,-0.8383f,0.0443f,-0.2458f,0f,0f,0f,1f],start_interpolation: 0,interpolation_duration: 1}
$data merge entity $(bone_upper) {transformation: [0.9693f,0.245f,0.02f,0.131f,-0.184f,0.6692f,0.7199f,-1.7463f,0.163f,-0.7015f,0.6938f,0.2095f,0f,0f,0f,1f],start_interpolation: 0,interpolation_duration: 1}
data modify entity @s data merge value {"cameras":{},"locators":{"left_arm_grab":{"posx":0.6897826176256019,"posy":-0.6015852391130194,"posz":0.7372199404927946,"roty":170.8228927542278,"rotx":-4.76112120928575},"camera":{"posx":0.38503544959347935,"posy":-1.340656370537049,"posz":-0.6512337221187758,"roty":178.34804047261812,"rotx":46.046726074834744}}}