# This file was generated by Animated Java via MC-Build. It is not recommended to edit this file directly.
$data merge entity $(bone_head) {transformation: [-0.9876f,0.1514f,0.0424f,0.1455f,0.113f,0.4964f,0.8607f,-1.1537f,0.1092f,0.8548f,-0.5073f,0.0241f,0f,0f,0f,1f],start_interpolation: 0,interpolation_duration: 1}
$data merge entity $(bone_knife) {transformation: [-0.9848f,0.1385f,0.1044f,-0.5821f,0.1503f,0.9819f,0.1152f,-2.2756f,-0.0866f,0.1292f,-0.9878f,-0.1427f,0f,0f,0f,1f],start_interpolation: 0,interpolation_duration: 1}
$data merge entity $(bone_right_arm) {transformation: [-0.9848f,0.1385f,0.1044f,-0.2253f,0.1503f,0.9819f,0.1152f,-1.1035f,-0.0866f,0.1292f,-0.9878f,0.0002f,0f,0f,0f,1f],start_interpolation: 0,interpolation_duration: 1}
$data merge entity $(bone_left_arm) {transformation: [-0.9763f,0.0832f,0.1998f,0.3627f,-0.0094f,-0.9386f,0.3448f,-1.9697f,0.2163f,0.3347f,0.9172f,0.8218f,0f,0f,0f,1f],start_interpolation: 0,interpolation_duration: 1}
$data merge entity $(bone_torso) {transformation: [-0.9889f,0.135f,0.0616f,0f,0.1339f,0.9908f,-0.0209f,-2.2219f,-0.0638f,-0.0124f,-0.9979f,0.0375f,0f,0f,0f,1f],start_interpolation: 0,interpolation_duration: 1}
$data merge entity $(bone_left_leg) {transformation: [-1f,0f,0f,0.2344f,0f,0.4266f,0.9045f,-2.6125f,0f,0.9045f,-0.4266f,0.1156f,0f,0f,0f,1f],start_interpolation: 0,interpolation_duration: 1}
$data merge entity $(bone_right_leg_hazmat) {transformation: [0.9589f,0.2398f,0.1519f,0.3351f,-0.2826f,0.8566f,0.4317f,-1.7034f,-0.0266f,-0.4569f,0.8891f,0.2922f,0f,0f,0f,1f],start_interpolation: 0,interpolation_duration: 1}
$data merge entity $(bone_left_leg_hazmat) {transformation: [0.9855f,0.1668f,-0.0297f,0.0144f,-0.1257f,0.8377f,0.5315f,-1.7133f,0.1135f,-0.52f,0.8466f,0.1687f,0f,0f,0f,1f],start_interpolation: 0,interpolation_duration: 1}
$data merge entity $(bone_right_arm_hazmat) {transformation: [-0.2542f,0.6468f,0.719f,0.6929f,0.6219f,0.6787f,-0.3906f,-1.3364f,-0.7407f,0.3479f,-0.5748f,-0.2137f,0f,0f,0f,1f],start_interpolation: 0,interpolation_duration: 1}
$data merge entity $(bone_left_arm_hazmat) {transformation: [0.9622f,0.2257f,0.1526f,-0.0644f,-0.0527f,0.7036f,-0.7087f,-1.1926f,-0.2673f,0.6738f,0.6889f,-0.3411f,0f,0f,0f,1f],start_interpolation: 0,interpolation_duration: 1}
$data merge entity $(bone_helmet) {transformation: [0.8153f,0.5349f,0.2216f,0.3218f,-0.1968f,-0.1038f,0.9749f,-1.2877f,0.5445f,-0.8385f,0.0206f,-0.2524f,0f,0f,0f,1f],start_interpolation: 0,interpolation_duration: 1}
$data merge entity $(bone_upper) {transformation: [0.9693f,0.2445f,0.0259f,0.131f,-0.184f,0.6518f,0.7358f,-1.7097f,0.163f,-0.7179f,0.6768f,0.2136f,0f,0f,0f,1f],start_interpolation: 0,interpolation_duration: 1}
data modify entity @s data merge value {"cameras":{},"locators":{"left_arm_grab":{"posx":0.4575854631898779,"posy":-0.6975926987604886,"posz":0.3229888315362931,"roty":167.7076873786959,"rotx":20.167568142969223},"camera":{"posx":0.38275696417677074,"posy":-1.3251626411542623,"posz":-0.6573753534028697,"roty":177.80974538244266,"rotx":47.371267158167655}}}