# This file was generated by Animated Java via MC-Build. It is not recommended to edit this file directly.
$data merge entity $(bone_broom) {transformation: [-0.2968f,0.3537f,-0.887f,-0.6746f,-0.766f,-0.6428f,0f,-0.8175f,-0.5702f,0.6795f,0.4617f,0.1858f,0f,0f,0f,1f],start_interpolation: 0,interpolation_duration: 1}
$data merge entity $(bone_right_arm) {transformation: [-0.2968f,0.887f,0.3537f,-0.0742f,-0.766f,0f,-0.6428f,-0.9103f,-0.5702f,-0.4617f,0.6795f,0.1075f,0f,0f,0f,1f],start_interpolation: 0,interpolation_duration: 1}
$data merge entity $(bone_left_arm) {transformation: [0.4804f,0.7427f,0.4665f,0.0742f,-0.3998f,0.6588f,-0.6373f,-0.5272f,-0.7807f,0.1197f,0.6134f,0.3925f,0f,0f,0f,1f],start_interpolation: 0,interpolation_duration: 1}
execute on vehicle unless entity @s[tag=aj.transforms_only] at @s run function animated_java:hands_weapons_broom/animations/hit/zzz/frames/0_root_commands