# This file was generated by Animated Java via MC-Build. It is not recommended to edit this file directly.
$data merge entity $(bone_broom) {transformation: [-0.3278f,0.9277f,0.1787f,-0.2037f,-0.8947f,-0.2441f,-0.3739f,-1.1577f,-0.3033f,-0.2824f,0.9101f,0.7346f,0f,0f,0f,1f],start_interpolation: 0,interpolation_duration: 1}
$data merge entity $(bone_right_arm) {transformation: [-0.3278f,-0.1787f,0.9277f,-0.0819f,-0.8947f,0.3739f,-0.2441f,-0.9425f,-0.3033f,-0.9101f,-0.2824f,0.1742f,0f,0f,0f,1f],start_interpolation: 0,interpolation_duration: 1}
$data merge entity $(bone_left_arm) {transformation: [-0.4361f,0.0785f,0.8964f,0.0819f,-0.2253f,0.9549f,-0.1932f,-0.4951f,-0.8712f,-0.2862f,-0.3988f,0.3258f,0f,0f,0f,1f],start_interpolation: 0,interpolation_duration: 1}