# This file was generated by Animated Java via MC-Build. It is not recommended to edit this file directly.
$data merge entity $(bone_broom) {transformation: [-0.3089f,-0.7623f,0.5688f,0.3937f,-0.9317f,0.1225f,-0.3419f,-1.6818f,0.191f,-0.6355f,-0.7481f,0.0233f,0f,0f,0f,1f],start_interpolation: 0,interpolation_duration: 1}
$data merge entity $(bone_right_arm) {transformation: [-0.3089f,-0.5688f,-0.7623f,-0.0772f,-0.9317f,0.3419f,0.1225f,-1.4023f,0.191f,0.7481f,-0.6355f,0.2977f,0f,0f,0f,1f],start_interpolation: 0,interpolation_duration: 1}
$data merge entity $(bone_left_arm) {transformation: [-0.5565f,-0.0376f,-0.83f,0.0772f,-0.3109f,0.9358f,0.166f,-0.9364f,0.7705f,0.3505f,-0.5325f,0.2023f,0f,0f,0f,1f],start_interpolation: 0,interpolation_duration: 1}