# This file was generated by Animated Java via MC-Build. It is not recommended to edit this file directly.
$data merge entity $(bone_broom) {transformation: [-0.3086f,-0.77f,0.5585f,0.3897f,-0.9312f,0.1249f,-0.3424f,-1.7116f,0.1939f,-0.6257f,-0.7555f,0.0178f,0f,0f,0f,1f],start_interpolation: 0,interpolation_duration: 1}
$data merge entity $(bone_right_arm) {transformation: [-0.3086f,-0.5585f,-0.77f,-0.0771f,-0.9312f,0.3424f,0.1249f,-1.4313f,0.1939f,0.7555f,-0.6257f,0.2985f,0f,0f,0f,1f],start_interpolation: 0,interpolation_duration: 1}
$data merge entity $(bone_left_arm) {transformation: [-0.5474f,-0.0311f,-0.8363f,0.0771f,-0.3105f,0.9355f,0.1685f,-0.9657f,0.7771f,0.3519f,-0.5218f,0.2015f,0f,0f,0f,1f],start_interpolation: 0,interpolation_duration: 1}