# This file was generated by Animated Java via MC-Build. It is not recommended to edit this file directly.
$data merge entity $(bone_broom) {transformation: [-0.3084f,-0.7747f,0.552f,0.3871f,-0.9309f,0.1264f,-0.3426f,-1.7258f,0.1957f,-0.6195f,-0.7602f,0.0143f,0f,0f,0f,1f],start_interpolation: 0,interpolation_duration: 1}
$data merge entity $(bone_right_arm) {transformation: [-0.3084f,-0.552f,-0.7747f,-0.0771f,-0.9309f,0.3426f,0.1264f,-1.4451f,0.1957f,0.7602f,-0.6195f,0.2989f,0f,0f,0f,1f],start_interpolation: 0,interpolation_duration: 1}
$data merge entity $(bone_left_arm) {transformation: [-0.5417f,-0.027f,-0.8402f,0.0771f,-0.3103f,0.9353f,0.17f,-0.9796f,0.7812f,0.3528f,-0.515f,0.2011f,0f,0f,0f,1f],start_interpolation: 0,interpolation_duration: 1}