# This file was generated by Animated Java via MC-Build. It is not recommended to edit this file directly.
$data merge entity $(bone_broom) {transformation: [-0.3082f,-0.7777f,0.5479f,0.3854f,-0.9307f,0.1274f,-0.3428f,-1.7312f,0.1968f,-0.6156f,-0.7631f,0.0122f,0f,0f,0f,1f],start_interpolation: 0,interpolation_duration: 1}
$data merge entity $(bone_right_arm) {transformation: [-0.3082f,-0.5479f,-0.7777f,-0.0771f,-0.9307f,0.3428f,0.1274f,-1.4502f,0.1968f,0.7631f,-0.6156f,0.2992f,0f,0f,0f,1f],start_interpolation: 0,interpolation_duration: 1}
$data merge entity $(bone_left_arm) {transformation: [-0.538f,-0.0244f,-0.8426f,0.0771f,-0.3101f,0.9352f,0.171f,-0.9848f,0.7838f,0.3533f,-0.5107f,0.2008f,0f,0f,0f,1f],start_interpolation: 0,interpolation_duration: 1}