# This file was generated by Animated Java via MC-Build. It is not recommended to edit this file directly.
$data merge entity $(bone_broom) {transformation: [-0.3081f,-0.7796f,0.5453f,0.3844f,-0.9306f,0.128f,-0.3429f,-1.7325f,0.1976f,-0.6131f,-0.7649f,0.0108f,0f,0f,0f,1f],start_interpolation: 0,interpolation_duration: 1}
$data merge entity $(bone_right_arm) {transformation: [-0.3081f,-0.5453f,-0.7796f,-0.077f,-0.9306f,0.3429f,0.128f,-1.4513f,0.1976f,0.7649f,-0.6131f,0.2994f,0f,0f,0f,1f],start_interpolation: 0,interpolation_duration: 1}
$data merge entity $(bone_left_arm) {transformation: [-0.5357f,-0.0227f,-0.8441f,0.077f,-0.31f,0.9351f,0.1716f,-0.986f,0.7854f,0.3536f,-0.508f,0.2006f,0f,0f,0f,1f],start_interpolation: 0,interpolation_duration: 1}