# This file was generated by Animated Java via MC-Build. It is not recommended to edit this file directly.
$data merge entity $(bone_broom) {transformation: [-0.308f,-0.7827f,0.5408f,0.3826f,-0.9304f,0.129f,-0.3431f,-1.7329f,0.1988f,-0.6089f,-0.768f,0.0085f,0f,0f,0f,1f],start_interpolation: 0,interpolation_duration: 1}
$data merge entity $(bone_right_arm) {transformation: [-0.308f,-0.5408f,-0.7827f,-0.077f,-0.9304f,0.3431f,0.129f,-1.4513f,0.1988f,0.768f,-0.6089f,0.2997f,0f,0f,0f,1f],start_interpolation: 0,interpolation_duration: 1}
$data merge entity $(bone_left_arm) {transformation: [-0.5318f,-0.0199f,-0.8466f,0.077f,-0.3099f,0.935f,0.1727f,-0.9862f,0.7881f,0.3542f,-0.5034f,0.2003f,0f,0f,0f,1f],start_interpolation: 0,interpolation_duration: 1}