# This file was generated by Animated Java via MC-Build. It is not recommended to edit this file directly.
$data merge entity $(bone_broom) {transformation: [-0.3306f,0.4599f,0.8241f,0.2648f,-0.9361f,-0.049f,-0.3482f,-1.1999f,-0.1198f,-0.8866f,0.4468f,0.6606f,0f,0f,0f,1f],start_interpolation: 0,interpolation_duration: 1}
$data merge entity $(bone_right_arm) {transformation: [-0.3306f,-0.8241f,0.4599f,-0.0827f,-0.9361f,0.3482f,-0.049f,-0.954f,-0.1198f,-0.4468f,-0.8866f,0.2201f,0f,0f,0f,1f],start_interpolation: 0,interpolation_duration: 1}
$data merge entity $(bone_left_arm) {transformation: [-0.8971f,-0.2716f,0.3484f,0.0827f,-0.2909f,0.9567f,-0.0031f,-0.486f,-0.3325f,-0.1042f,-0.9373f,0.2799f,0f,0f,0f,1f],start_interpolation: 0,interpolation_duration: 1}