# This file was generated by Animated Java via MC-Build. It is not recommended to edit this file directly.
$data merge entity $(bone_broom) {transformation: [-0.7336f,-0.4172f,0.5365f,0.1672f,-0.6693f,0.3064f,-0.6769f,-1.8299f,0.118f,-0.8556f,-0.504f,0.1593f,0f,0f,0f,1f],start_interpolation: 0,interpolation_duration: 1}
$data merge entity $(bone_right_arm) {transformation: [-0.7336f,-0.5365f,-0.4172f,-0.1834f,-0.6693f,0.6769f,0.3064f,-1.3361f,0.118f,0.504f,-0.8556f,0.2514f,0f,0f,0f,1f],start_interpolation: 0,interpolation_duration: 1}
$data merge entity $(bone_left_arm) {transformation: [-0.8253f,0.2913f,-0.4837f,0.1834f,0.0932f,0.9152f,0.3921f,-1.0014f,0.5569f,0.2785f,-0.7825f,0.1924f,0f,0f,0f,1f],start_interpolation: 0,interpolation_duration: 1}