# This file was generated by Animated Java via MC-Build. It is not recommended to edit this file directly.
$data merge entity $(bone_broom) {transformation: [-0.9314f,-0.1472f,0.3329f,-0.0695f,-0.3592f,0.2239f,-0.906f,-1.7953f,0.0588f,-0.9634f,-0.2614f,0.2742f,0f,0f,0f,1f],start_interpolation: 0,interpolation_duration: 1}
$data merge entity $(bone_right_arm) {transformation: [-0.9314f,-0.3329f,-0.1472f,-0.2329f,-0.3592f,0.906f,0.2239f,-1.2086f,0.0588f,0.2614f,-0.9634f,0.2085f,0f,0f,0f,1f],start_interpolation: 0,interpolation_duration: 1}
$data merge entity $(bone_left_arm) {transformation: [-0.8136f,0.5497f,-0.1894f,0.2329f,0.4708f,0.814f,0.3402f,-1.0289f,0.3412f,0.1876f,-0.9211f,0.179f,0f,0f,0f,1f],start_interpolation: 0,interpolation_duration: 1}