# This file was generated by Animated Java via MC-Build. It is not recommended to edit this file directly.
$data merge entity $(bone_broom) {transformation: [-0.9931f,-0.0281f,0.114f,-0.2394f,-0.1159f,0.0808f,-0.99f,-1.6857f,0.0186f,-0.9963f,-0.0835f,0.3419f,0f,0f,0f,1f],start_interpolation: 0,interpolation_duration: 1}
$data merge entity $(bone_right_arm) {transformation: [-0.9931f,-0.114f,-0.0281f,-0.2483f,-0.1159f,0.99f,0.0808f,-1.0977f,0.0186f,0.0835f,-0.9963f,0.1703f,0f,0f,0f,1f],start_interpolation: 0,interpolation_duration: 1}
$data merge entity $(bone_left_arm) {transformation: [-0.6913f,0.7213f,-0.0427f,0.2483f,0.6997f,0.683f,0.2093f,-1.0398f,0.1802f,0.1148f,-0.9769f,0.161f,0f,0f,0f,1f],start_interpolation: 0,interpolation_duration: 1}