# This file was generated by Animated Java via MC-Build. It is not recommended to edit this file directly.
$data merge entity $(bone_broom) {transformation: [-0.9993f,0.0049f,-0.0364f,-0.3341f,0.0363f,-0.0263f,-0.999f,-1.5698f,-0.0058f,-0.9996f,0.0261f,0.3692f,0f,0f,0f,1f],start_interpolation: 0,interpolation_duration: 1}
$data merge entity $(bone_right_arm) {transformation: [-0.9993f,0.0364f,0.0049f,-0.2498f,0.0363f,0.999f,-0.0263f,-1.0097f,-0.0058f,-0.0261f,-0.9996f,0.136f,0f,0f,0f,1f],start_interpolation: 0,interpolation_duration: 1}
$data merge entity $(bone_left_arm) {transformation: [-0.5802f,0.8144f,0.0096f,0.2498f,0.8106f,0.5762f,0.1043f,-1.0278f,0.0794f,0.0683f,-0.9945f,0.139f,0f,0f,0f,1f],start_interpolation: 0,interpolation_duration: 1}