# This file was generated by Animated Java via MC-Build. It is not recommended to edit this file directly.
$data merge entity $(bone_broom) {transformation: [-0.9863f,-0.1023f,-0.129f,-0.3611f,0.164f,-0.6803f,-0.7144f,-1.1888f,-0.0147f,-0.7258f,0.6878f,0.6523f,0f,0f,0f,1f],start_interpolation: 0,interpolation_duration: 1}
$data merge entity $(bone_right_arm) {transformation: [-0.9863f,0.129f,-0.1023f,-0.2484f,0.164f,0.7144f,-0.6803f,-0.9415f,-0.0147f,-0.6878f,-0.7258f,0.1033f,0f,0f,0f,1f],start_interpolation: 0,interpolation_duration: 1}
$data merge entity $(bone_left_arm) {transformation: [-0.572f,0.8197f,-0.0301f,0.2485f,0.8194f,0.5693f,-0.0679f,-0.9961f,-0.0385f,-0.0635f,-0.9972f,0.1138f,0f,0f,0f,1f],start_interpolation: 0,interpolation_duration: 1}