# This file was generated by Animated Java via MC-Build. It is not recommended to edit this file directly.
$data merge entity $(bone_broom) {transformation: [-0.9766f,-0.1966f,-0.0876f,-0.3158f,0.2146f,-0.9197f,-0.3286f,-0.8613f,-0.016f,-0.3397f,0.9404f,0.6706f,0f,0f,0f,1f],start_interpolation: 0,interpolation_duration: 1}
$data merge entity $(bone_right_arm) {transformation: [-0.9766f,0.0876f,-0.1966f,-0.2479f,0.2146f,0.3286f,-0.9197f,-0.889f,-0.016f,-0.9404f,-0.3397f,0.0624f,0f,0f,0f,1f],start_interpolation: 0,interpolation_duration: 1}
$data merge entity $(bone_left_arm) {transformation: [-0.6793f,0.726f,-0.1074f,0.248f,0.6964f,0.5914f,-0.4067f,-0.9497f,-0.2317f,-0.351f,-0.9072f,0.0862f,0f,0f,0f,1f],start_interpolation: 0,interpolation_duration: 1}