# This file was generated by Animated Java via MC-Build. It is not recommended to edit this file directly.
$data merge entity $(bone_broom) {transformation: [-0.977f,-0.2114f,-0.0276f,-0.2788f,0.213f,-0.9735f,-0.0832f,-0.6682f,-0.0093f,-0.0872f,0.9962f,0.5874f,0f,0f,0f,1f],start_interpolation: 0,interpolation_duration: 1}
$data merge entity $(bone_right_arm) {transformation: [-0.977f,0.0276f,-0.2114f,-0.2483f,0.213f,0.0832f,-0.9735f,-0.8472f,-0.0093f,-0.9962f,-0.0872f,0.0024f,0f,0f,0f,1f],start_interpolation: 0,interpolation_duration: 1}
$data merge entity $(bone_left_arm) {transformation: [-0.7685f,0.6365f,-0.0663f,0.2487f,0.4489f,0.4623f,-0.7647f,-0.8938f,-0.456f,-0.6174f,-0.641f,0.0571f,0f,0f,0f,1f],start_interpolation: 0,interpolation_duration: 1}