# This file was generated by Animated Java via MC-Build. It is not recommended to edit this file directly.
$data merge entity $(bone_broom) {transformation: [-0.9832f,-0.1825f,0.0065f,-0.2668f,0.1826f,-0.9829f,0.0245f,-0.5673f,0.002f,0.0252f,0.9997f,0.5061f,0f,0f,0f,1f],start_interpolation: 0,interpolation_duration: 1}
$data merge entity $(bone_right_arm) {transformation: [-0.9832f,-0.0065f,-0.1825f,-0.249f,0.1826f,-0.0245f,-0.9829f,-0.8076f,0.002f,-0.9997f,0.0252f,-0.0571f,0f,0f,0f,1f],start_interpolation: 0,interpolation_duration: 1}
$data merge entity $(bone_left_arm) {transformation: [-0.733f,0.6794f,0.0338f,0.2496f,0.1898f,0.252f,-0.9489f,-0.8333f,-0.6533f,-0.6891f,-0.3136f,0.0273f,0f,0f,0f,1f],start_interpolation: 0,interpolation_duration: 1}