# This file was generated by Animated Java via MC-Build. It is not recommended to edit this file directly.
$data merge entity $(bone_broom) {transformation: [-0.9891f,-0.146f,0.0196f,-0.2685f,0.1468f,-0.988f,0.0473f,-0.5133f,0.0125f,0.0497f,0.9987f,0.4621f,0f,0f,0f,1f],start_interpolation: 0,interpolation_duration: 1}
$data merge entity $(bone_right_arm) {transformation: [-0.9891f,-0.0196f,-0.146f,-0.2497f,0.1468f,-0.0473f,-0.988f,-0.7655f,0.0125f,-0.9987f,0.0497f,-0.0958f,0f,0f,0f,1f],start_interpolation: 0,interpolation_duration: 1}
$data merge entity $(bone_left_arm) {transformation: [-0.6264f,0.7763f,0.0705f,0.25f,0.0397f,0.1221f,-0.9917f,-0.7732f,-0.7785f,-0.6184f,-0.1073f,-0.0024f,0f,0f,0f,1f],start_interpolation: 0,interpolation_duration: 1}