# This file was generated by Animated Java via MC-Build. It is not recommended to edit this file directly.
$data merge entity $(bone_broom) {transformation: [-0.3261f,-0.0365f,0.9446f,0.4433f,-0.9453f,0.0143f,-0.3258f,-1.209f,-0.0016f,-0.9992f,-0.0391f,0.4458f,0f,0f,0f,1f],start_interpolation: 0,interpolation_duration: 1}
$data merge entity $(bone_right_arm) {transformation: [-0.3261f,-0.9446f,-0.0365f,-0.0815f,-0.9453f,0.3258f,0.0143f,-0.9615f,-0.0016f,0.0391f,-0.9992f,0.2496f,0f,0f,0f,1f],start_interpolation: 0,interpolation_duration: 1}
$data merge entity $(bone_left_arm) {transformation: [-0.9377f,-0.3085f,-0.1595f,0.0815f,-0.3207f,0.9455f,0.0567f,-0.4888f,0.1333f,0.1043f,-0.9856f,0.2504f,0f,0f,0f,1f],start_interpolation: 0,interpolation_duration: 1}
execute on vehicle unless entity @s[tag=aj.transforms_only] at @s run function animated_java:hands_weapons_broom/animations/hit/zzz/frames/3_root_commands