# This file was generated by Animated Java via MC-Build. It is not recommended to edit this file directly.
$data merge entity $(bone_broom) {transformation: [-0.3209f,-0.3537f,0.8786f,0.4768f,-0.9443f,0.048f,-0.3255f,-1.2297f,0.073f,-0.9341f,-0.3493f,0.2785f,0f,0f,0f,1f],start_interpolation: 0,interpolation_duration: 1}
$data merge entity $(bone_right_arm) {transformation: [-0.3209f,-0.8786f,-0.3537f,-0.0802f,-0.9443f,0.3255f,0.048f,-0.9751f,0.073f,0.3493f,-0.9341f,0.2682f,0f,0f,0f,1f],start_interpolation: 0,interpolation_duration: 1}
$data merge entity $(bone_left_arm) {transformation: [-0.8498f,-0.2476f,-0.4653f,0.0802f,-0.3238f,0.9418f,0.09f,-0.5029f,0.416f,0.2272f,-0.8806f,0.2318f,0f,0f,0f,1f],start_interpolation: 0,interpolation_duration: 1}