# This file was generated by Animated Java via MC-Build. It is not recommended to edit this file directly.
$data merge entity $(bone_broom) {transformation: [-0.3167f,-0.5348f,0.7834f,0.4636f,-0.9409f,0.0728f,-0.3306f,-1.2662f,0.1198f,-0.8419f,-0.5262f,0.1723f,0f,0f,0f,1f],start_interpolation: 0,interpolation_duration: 1}
$data merge entity $(bone_right_arm) {transformation: [-0.3167f,-0.7834f,-0.5348f,-0.0792f,-0.9409f,0.3306f,0.0728f,-1.0034f,0.1198f,0.5262f,-0.8419f,0.2799f,0f,0f,0f,1f],start_interpolation: 0,interpolation_duration: 1}
$data merge entity $(bone_left_arm) {transformation: [-0.7536f,-0.1791f,-0.6324f,0.0792f,-0.3203f,0.9403f,0.1153f,-0.5329f,0.574f,0.2895f,-0.766f,0.2201f,0f,0f,0f,1f],start_interpolation: 0,interpolation_duration: 1}