# This file was generated by Animated Java via MC-Build. It is not recommended to edit this file directly.
$data merge entity $(bone_broom) {transformation: [-0.3137f,-0.6367f,0.7044f,0.4419f,-0.9377f,0.0912f,-0.3351f,-1.3248f,0.1491f,-0.7657f,-0.6257f,0.1082f,0f,0f,0f,1f],start_interpolation: 0,interpolation_duration: 1}
$data merge entity $(bone_right_arm) {transformation: [-0.3137f,-0.7044f,-0.6367f,-0.0784f,-0.9377f,0.3351f,0.0912f,-1.0556f,0.1491f,0.6257f,-0.7657f,0.2873f,0f,0f,0f,1f],start_interpolation: 0,interpolation_duration: 1}
$data merge entity $(bone_left_arm) {transformation: [-0.6791f,-0.1257f,-0.7232f,0.0784f,-0.3167f,0.939f,0.1342f,-0.5867f,0.6622f,0.3202f,-0.6775f,0.2127f,0f,0f,0f,1f],start_interpolation: 0,interpolation_duration: 1}