# This file was generated by Animated Java via MC-Build. It is not recommended to edit this file directly.
$data merge entity $(bone_broom) {transformation: [-0.3117f,-0.6951f,0.6478f,0.4231f,-0.9353f,0.1042f,-0.3382f,-1.4159f,0.1676f,-0.7113f,-0.6826f,0.0697f,0f,0f,0f,1f],start_interpolation: 0,interpolation_duration: 1}
$data merge entity $(bone_right_arm) {transformation: [-0.3117f,-0.6478f,-0.6951f,-0.0779f,-0.9353f,0.3382f,0.1042f,-1.1423f,0.1676f,0.6826f,-0.7113f,0.2919f,0f,0f,0f,1f],start_interpolation: 0,interpolation_duration: 1}
$data merge entity $(bone_left_arm) {transformation: [-0.6273f,-0.0885f,-0.7737f,0.0779f,-0.3142f,0.9378f,0.1474f,-0.6746f,0.7126f,0.3356f,-0.6161f,0.2081f,0f,0f,0f,1f],start_interpolation: 0,interpolation_duration: 1}