# This file was generated by Animated Java via MC-Build. It is not recommended to edit this file directly.
$data merge entity $(bone_broom) {transformation: [-0.3103f,-0.7293f,0.6097f,0.4093f,-0.9336f,0.113f,-0.34f,-1.5389f,0.1791f,-0.6748f,-0.716f,0.0464f,0f,0f,0f,1f],start_interpolation: 0,interpolation_duration: 1}
$data merge entity $(bone_right_arm) {transformation: [-0.3103f,-0.6097f,-0.7293f,-0.0776f,-0.9336f,0.34f,0.113f,-1.2624f,0.1791f,0.716f,-0.6748f,0.2948f,0f,0f,0f,1f],start_interpolation: 0,interpolation_duration: 1}
$data merge entity $(bone_left_arm) {transformation: [-0.593f,-0.0639f,-0.8027f,0.0776f,-0.3126f,0.9369f,0.1564f,-0.7956f,0.7421f,0.3436f,-0.5755f,0.2052f,0f,0f,0f,1f],start_interpolation: 0,interpolation_duration: 1}