# This file was generated by Animated Java via MC-Build. It is not recommended to edit this file directly.
$data merge entity $(bone_broom) {transformation: [-0.3095f,-0.7498f,0.5848f,0.3999f,-0.9325f,0.1187f,-0.3412f,-1.6278f,0.1864f,-0.6509f,-0.7359f,0.0321f,0f,0f,0f,1f],start_interpolation: 0,interpolation_duration: 1}
$data merge entity $(bone_right_arm) {transformation: [-0.3095f,-0.5848f,-0.7498f,-0.0774f,-0.9325f,0.3412f,0.1187f,-1.3495f,0.1864f,0.7359f,-0.6509f,0.2966f,0f,0f,0f,1f],start_interpolation: 0,interpolation_duration: 1}
$data merge entity $(bone_left_arm) {transformation: [-0.5707f,-0.0479f,-0.8197f,0.0774f,-0.3116f,0.9363f,0.1623f,-0.8832f,0.7597f,0.348f,-0.5493f,0.2034f,0f,0f,0f,1f],start_interpolation: 0,interpolation_duration: 1}