# This file was generated by Animated Java via MC-Build. It is not recommended to edit this file directly.
$data merge entity $(bone_right_arm_hazmat) {transformation: [-0.9388f,-0.0667f,0.3379f,-0.2056f,0.0673f,0.9266f,0.37f,-0.4533f,-0.3378f,0.3701f,-0.8654f,-0.1655f,0f,0f,0f,1f],start_interpolation: 0,interpolation_duration: 1}
$data merge entity $(bone_left_arm_hazmat) {transformation: [-0.9388f,0.0901f,0.3325f,0.1762f,-0.0197f,0.9496f,-0.313f,-0.4318f,-0.3439f,-0.3003f,-0.8897f,-0.0247f,0f,0f,0f,1f],start_interpolation: 0,interpolation_duration: 1}
$data merge entity $(bone_head) {transformation: [-1f,0f,0f,0f,0f,0.9976f,0.0698f,-0.4897f,0f,0.0698f,-0.9976f,-0.093f,0f,0f,0f,1f],start_interpolation: 0,interpolation_duration: 1}
$data merge entity $(bone_body) {transformation: [-0.9397f,0f,0.342f,0f,0.0239f,0.9976f,0.0655f,-1.1755f,-0.3412f,0.0698f,-0.9374f,-0.141f,0f,0f,0f,1f],start_interpolation: 0,interpolation_duration: 1}
$data merge entity $(bone_right_leg_hazmat) {transformation: [-0.999f,0.0404f,-0.0163f,-0.125f,0.0435f,0.9502f,-0.3087f,-1.1444f,0.003f,-0.3091f,-0.951f,-0.1388f,0f,0f,0f,1f],start_interpolation: 0,interpolation_duration: 1}
$data merge entity $(bone_left_leg_hazmat) {transformation: [-0.999f,-0.0419f,-0.012f,0.125f,-0.0435f,0.9388f,0.3418f,-1.1444f,-0.003f,0.342f,-0.9397f,-0.1388f,0f,0f,0f,1f],start_interpolation: 0,interpolation_duration: 1}