# This file was generated by Animated Java via MC-Build. It is not recommended to edit this file directly.
$data merge entity $(bone_right_arm_hazmat) {transformation: [-0.965f,-0.0195f,0.2615f,-0.2113f,0.0571f,0.9577f,0.2819f,-0.4421f,-0.2559f,0.287f,-0.9231f,-0.1637f,0f,0f,0f,1f],start_interpolation: 0,interpolation_duration: 1}
$data merge entity $(bone_left_arm_hazmat) {transformation: [-0.965f,0.0331f,0.2601f,0.1811f,-0.03f,0.9715f,-0.2351f,-0.4164f,-0.2605f,-0.2346f,-0.9365f,-0.0571f,0f,0f,0f,1f],start_interpolation: 0,interpolation_duration: 1}
$data merge entity $(bone_head) {transformation: [-1f,0f,0f,0f,0f,0.9986f,0.0523f,-0.4762f,0f,0.0523f,-0.9986f,-0.1088f,0f,0f,0f,1f],start_interpolation: 0,interpolation_duration: 1}
$data merge entity $(bone_body) {transformation: [-0.9659f,0f,0.2588f,0f,0.0135f,0.9986f,0.0506f,-1.1628f,-0.2585f,0.0523f,-0.9646f,-0.1448f,0f,0f,0f,1f],start_interpolation: 0,interpolation_duration: 1}
$data merge entity $(bone_right_leg_hazmat) {transformation: [-0.999f,0.0418f,-0.0124f,-0.125f,0.0436f,0.9715f,-0.2332f,-1.1316f,0.0023f,-0.2335f,-0.9724f,-0.1432f,0f,0f,0f,1f],start_interpolation: 0,interpolation_duration: 1}
$data merge entity $(bone_left_leg_hazmat) {transformation: [-0.999f,-0.0427f,-0.0091f,0.125f,-0.0436f,0.965f,0.2586f,-1.1316f,-0.0023f,0.2588f,-0.9659f,-0.1432f,0f,0f,0f,1f],start_interpolation: 0,interpolation_duration: 1}