# This file was generated by Animated Java via MC-Build. It is not recommended to edit this file directly.
$data merge entity $(bone_right_arm_hazmat) {transformation: [-0.9839f,0.0153f,0.1782f,-0.2154f,0.0496f,0.9805f,0.1901f,-0.4305f,-0.1719f,0.1959f,-0.9655f,-0.1615f,0f,0f,0f,1f],start_interpolation: 0,interpolation_duration: 1}
$data merge entity $(bone_left_arm_hazmat) {transformation: [-0.9839f,-0.009f,0.1787f,0.1847f,-0.0375f,0.9869f,-0.1568f,-0.4017f,-0.1749f,-0.161f,-0.9713f,-0.0899f,0f,0f,0f,1f],start_interpolation: 0,interpolation_duration: 1}
$data merge entity $(bone_head) {transformation: [-1f,0f,0f,0f,0f,0.9994f,0.0349f,-0.4631f,0f,0.0349f,-0.9994f,-0.1246f,0f,0f,0f,1f],start_interpolation: 0,interpolation_duration: 1}
$data merge entity $(bone_body) {transformation: [-0.9848f,0f,0.1736f,0f,0.0061f,0.9994f,0.0344f,-1.1501f,-0.1735f,0.0349f,-0.9842f,-0.1486f,0f,0f,0f,1f],start_interpolation: 0,interpolation_duration: 1}
$data merge entity $(bone_right_leg_hazmat) {transformation: [-0.999f,0.0428f,-0.0083f,-0.125f,0.0436f,0.9868f,-0.1563f,-1.1189f,0.0015f,-0.1565f,-0.9877f,-0.1475f,0f,0f,0f,1f],start_interpolation: 0,interpolation_duration: 1}
$data merge entity $(bone_left_leg_hazmat) {transformation: [-0.999f,-0.0432f,-0.0061f,0.125f,-0.0436f,0.9839f,0.1735f,-1.1189f,-0.0015f,0.1736f,-0.9848f,-0.1475f,0f,0f,0f,1f],start_interpolation: 0,interpolation_duration: 1}