# This file was generated by Animated Java via MC-Build. It is not recommended to edit this file directly.
$data merge entity $(bone_right_arm_hazmat) {transformation: [-0.9952f,0.0365f,0.0903f,-0.2179f,0.0451f,0.9944f,0.0957f,-0.4186f,-0.0863f,0.0993f,-0.9913f,-0.159f,0f,0f,0f,1f],start_interpolation: 0,interpolation_duration: 1}
$data merge entity $(bone_left_arm_hazmat) {transformation: [-0.9952f,-0.0349f,0.0909f,0.1868f,-0.0421f,0.996f,-0.0784f,-0.3879f,-0.0878f,-0.0819f,-0.9928f,-0.123f,0f,0f,0f,1f],start_interpolation: 0,interpolation_duration: 1}
$data merge entity $(bone_head) {transformation: [-1f,0f,0f,0f,0f,0.9998f,0.0175f,-0.4501f,0f,0.0175f,-0.9998f,-0.1404f,0f,0f,0f,1f],start_interpolation: 0,interpolation_duration: 1}
$data merge entity $(bone_body) {transformation: [-0.9962f,0f,0.0872f,0f,0.0015f,0.9998f,0.0174f,-1.1375f,-0.0871f,0.0175f,-0.996f,-0.1524f,0f,0f,0f,1f],start_interpolation: 0,interpolation_duration: 1}
$data merge entity $(bone_right_leg_hazmat) {transformation: [-0.999f,0.0434f,-0.0042f,-0.125f,0.0436f,0.996f,-0.0784f,-1.1063f,0.0008f,-0.0785f,-0.9969f,-0.1519f,0f,0f,0f,1f],start_interpolation: 0,interpolation_duration: 1}
$data merge entity $(bone_left_leg_hazmat) {transformation: [-0.999f,-0.0435f,-0.003f,0.125f,-0.0436f,0.9952f,0.0871f,-1.1063f,-0.0008f,0.0871f,-0.9962f,-0.1519f,0f,0f,0f,1f],start_interpolation: 0,interpolation_duration: 1}