# This file was generated by Animated Java via MC-Build. It is not recommended to edit this file directly.
$data merge entity $(bone_right_arm_hazmat) {transformation: [-0.9984f,0.0273f,-0.0487f,-0.2186f,0.0411f,0.9503f,-0.3087f,-0.4591f,0.0378f,-0.3103f,-0.9499f,-0.0832f,0f,0f,0f,1f],start_interpolation: 0,interpolation_duration: 1}
$data merge entity $(bone_left_arm_hazmat) {transformation: [-0.9984f,-0.0221f,-0.0513f,0.1874f,-0.0459f,0.8471f,0.5294f,-0.4269f,0.0317f,0.5309f,-0.8468f,-0.0952f,0f,0f,0f,1f],start_interpolation: 0,interpolation_duration: 1}
$data merge entity $(bone_head) {transformation: [-1f,0f,0f,0f,0f,0.9976f,0.0698f,-0.4897f,0f,0.0698f,-0.9976f,-0.093f,0f,0f,0f,1f],start_interpolation: 0,interpolation_duration: 1}
$data merge entity $(bone_body) {transformation: [-0.9994f,0f,-0.0349f,0f,-0.0024f,0.9976f,0.0697f,-1.1755f,0.0348f,0.0698f,-0.997f,-0.141f,0f,0f,0f,1f],start_interpolation: 0,interpolation_duration: 1}
$data merge entity $(bone_right_leg_hazmat) {transformation: [-0.999f,0.0404f,0.0163f,-0.125f,0.0435f,0.8979f,0.438f,-1.1444f,0.003f,0.4383f,-0.8988f,-0.1388f,0f,0f,0f,1f],start_interpolation: 0,interpolation_duration: 1}
$data merge entity $(bone_left_leg_hazmat) {transformation: [-0.999f,-0.0404f,0.0163f,0.125f,-0.0435f,0.9502f,-0.3087f,-1.1444f,-0.003f,-0.3091f,-0.951f,-0.1388f,0f,0f,0f,1f],start_interpolation: 0,interpolation_duration: 1}