# This file was generated by Animated Java via MC-Build. It is not recommended to edit this file directly.
$data merge entity $(bone_right_arm_hazmat) {transformation: [-0.9987f,0.0344f,-0.0375f,-0.2187f,0.0422f,0.9715f,-0.2332f,-0.4453f,0.0284f,-0.2345f,-0.9717f,-0.1015f,0f,0f,0f,1f],start_interpolation: 0,interpolation_duration: 1}
$data merge entity $(bone_left_arm_hazmat) {transformation: [-0.9987f,-0.0313f,-0.0401f,0.1874f,-0.0449f,0.9126f,0.4064f,-0.4136f,0.0238f,0.4076f,-0.9128f,-0.1105f,0f,0f,0f,1f],start_interpolation: 0,interpolation_duration: 1}
$data merge entity $(bone_player_head) {transformation: [-0.9997f,0f,-0.0262f,0f,-0.0014f,0.9986f,0.0523f,0.0855f,0.0261f,0.0523f,-0.9983f,-0.0794f,0f,0f,0f,1f],start_interpolation: 0,interpolation_duration: 1}
$data merge entity $(bone_head) {transformation: [-0.9997f,0f,-0.0262f,0f,-0.0014f,0.9986f,0.0523f,-0.445f,0.0261f,0.0523f,-0.9983f,-0.1072f,0f,0f,0f,1f],start_interpolation: 0,interpolation_duration: 1}
$data merge entity $(bone_body) {transformation: [-0.9997f,0f,-0.0262f,0f,-0.0014f,0.9986f,0.0523f,-1.1628f,0.0261f,0.0523f,-0.9983f,-0.1448f,0f,0f,0f,1f],start_interpolation: 0,interpolation_duration: 1}
$data merge entity $(bone_right_leg_hazmat) {transformation: [-0.999f,0.0418f,0.0124f,-0.125f,0.0436f,0.9417f,0.3335f,-1.1316f,0.0023f,0.3338f,-0.9427f,-0.1432f,0f,0f,0f,1f],start_interpolation: 0,interpolation_duration: 1}
$data merge entity $(bone_left_leg_hazmat) {transformation: [-0.999f,-0.0418f,0.0124f,0.125f,-0.0436f,0.9715f,-0.2332f,-1.1316f,-0.0023f,-0.2335f,-0.9724f,-0.1432f,0f,0f,0f,1f],start_interpolation: 0,interpolation_duration: 1}