# This file was generated by Animated Java via MC-Build. It is not recommended to edit this file directly.
$data merge entity $(bone_right_arm_hazmat) {transformation: [-0.9989f,0.0395f,-0.0255f,-0.2187f,0.043f,0.9868f,-0.1563f,-0.432f,0.0189f,-0.1572f,-0.9874f,-0.1197f,0f,0f,0f,1f],start_interpolation: 0,interpolation_duration: 1}
$data merge entity $(bone_left_arm_hazmat) {transformation: [-0.9989f,-0.0381f,-0.0275f,0.1875f,-0.0442f,0.9603f,0.2754f,-0.4005f,0.0159f,0.2763f,-0.9609f,-0.1257f,0f,0f,0f,1f],start_interpolation: 0,interpolation_duration: 1}
$data merge entity $(bone_player_head) {transformation: [-0.9998f,0f,-0.0175f,0f,-0.0006f,0.9994f,0.0349f,0.0991f,0.0174f,0.0349f,-0.9992f,-0.105f,0f,0f,0f,1f],start_interpolation: 0,interpolation_duration: 1}
$data merge entity $(bone_head) {transformation: [-0.9998f,0f,-0.0175f,0f,-0.0006f,0.9994f,0.0349f,-0.4318f,0.0174f,0.0349f,-0.9992f,-0.1235f,0f,0f,0f,1f],start_interpolation: 0,interpolation_duration: 1}
$data merge entity $(bone_body) {transformation: [-0.9998f,0f,-0.0175f,0f,-0.0006f,0.9994f,0.0349f,-1.1501f,0.0174f,0.0349f,-0.9992f,-0.1486f,0f,0f,0f,1f],start_interpolation: 0,interpolation_duration: 1}
$data merge entity $(bone_right_leg_hazmat) {transformation: [-0.999f,0.0428f,0.0083f,-0.125f,0.0436f,0.9734f,0.2248f,-1.1189f,0.0015f,0.2249f,-0.9744f,-0.1475f,0f,0f,0f,1f],start_interpolation: 0,interpolation_duration: 1}
$data merge entity $(bone_left_leg_hazmat) {transformation: [-0.999f,-0.0428f,0.0083f,0.125f,-0.0436f,0.9868f,-0.1563f,-1.1189f,-0.0015f,-0.1565f,-0.9877f,-0.1475f,0f,0f,0f,1f],start_interpolation: 0,interpolation_duration: 1}