# This file was generated by Animated Java via MC-Build. It is not recommended to edit this file directly.
$data merge entity $(bone_right_arm_hazmat) {transformation: [-0.999f,0.0426f,-0.0129f,-0.2187f,0.0435f,0.996f,-0.0784f,-0.4189f,0.0095f,-0.0789f,-0.9968f,-0.138f,0f,0f,0f,1f],start_interpolation: 0,interpolation_duration: 1}
$data merge entity $(bone_left_arm_hazmat) {transformation: [-0.999f,-0.0422f,-0.014f,0.1875f,-0.0438f,0.9893f,0.1391f,-0.3876f,0.008f,0.1395f,-0.9902f,-0.141f,0f,0f,0f,1f],start_interpolation: 0,interpolation_duration: 1}
$data merge entity $(bone_head) {transformation: [-1f,0f,0f,0f,0f,0.9998f,0.0175f,-0.4501f,0f,0.0175f,-0.9998f,-0.1404f,0f,0f,0f,1f],start_interpolation: 0,interpolation_duration: 1}
$data merge entity $(bone_body) {transformation: [-1f,0f,-0.0087f,0f,-0.0002f,0.9998f,0.0175f,-1.1375f,0.0087f,0.0175f,-0.9998f,-0.1524f,0f,0f,0f,1f],start_interpolation: 0,interpolation_duration: 1}
$data merge entity $(bone_right_leg_hazmat) {transformation: [-0.999f,0.0434f,0.0042f,-0.125f,0.0436f,0.9926f,0.1131f,-1.1063f,0.0008f,0.1132f,-0.9936f,-0.1519f,0f,0f,0f,1f],start_interpolation: 0,interpolation_duration: 1}
$data merge entity $(bone_left_leg_hazmat) {transformation: [-0.999f,-0.0434f,0.0042f,0.125f,-0.0436f,0.996f,-0.0784f,-1.1063f,-0.0008f,-0.0785f,-0.9969f,-0.1519f,0f,0f,0f,1f],start_interpolation: 0,interpolation_duration: 1}