# This file was generated by Animated Java via MC-Build. It is not recommended to edit this file directly.
$data merge entity $(bone_right_leg_hazmat) {transformation: [-0.9397f,0.2082f,0.2713f,-0.2187f,-0.2082f,0.2812f,-0.9368f,0.1645f,-0.2713f,-0.9368f,-0.2209f,-0.1f,0f,0f,0f,1f],start_interpolation: 0,interpolation_duration: 1}
$data merge entity $(bone_left_leg_hazmat) {transformation: [-0.9659f,-0.183f,-0.183f,0.125f,0.1576f,0.1452f,-0.9768f,0.1264f,0.2053f,-0.9723f,-0.1114f,-0.1496f,0f,0f,0f,1f],start_interpolation: 0,interpolation_duration: 1}
$data merge entity $(bone_right_arm_hazmat) {transformation: [-0.8434f,0f,0.5373f,-0.4062f,-0.1391f,0.9659f,-0.2183f,0.6763f,-0.519f,-0.2588f,-0.8147f,-0.4763f,0f,0f,0f,1f],start_interpolation: 0,interpolation_duration: 1}
$data merge entity $(bone_left_arm_hazmat) {transformation: [-0.9063f,0f,-0.4226f,0.375f,0.1094f,0.9659f,-0.2346f,0.6763f,0.4082f,-0.2588f,-0.8754f,-0.4763f,0f,0f,0f,1f],start_interpolation: 0,interpolation_duration: 1}
$data merge entity $(bone_helmet) {transformation: [-1f,0.0007f,-0.0001f,-0.0309f,0.0006f,0.9192f,-0.3938f,1.1647f,-0.0002f,-0.3938f,-0.9192f,-0.6855f,0f,0f,0f,1f],start_interpolation: 0,interpolation_duration: 1}
$data merge entity $(bone_upper) {transformation: [-1f,0f,0f,0f,0f,0.9659f,-0.2588f,0.0123f,0f,-0.2588f,-0.9659f,-0.2983f,0f,0f,0f,1f],start_interpolation: 0,interpolation_duration: 1}
data modify entity @s data merge value {"cameras":{},"locators":{"camera":{"posx":-0.03103406544313391,"posy":1.0530328904386401,"posz":-0.31126337099044404,"roty":359.99402999149686,"rotx":-23.19158915037072}}}