# This file was generated by Animated Java via MC-Build. It is not recommended to edit this file directly.
$data merge entity $(bone_inner) {transformation: [-0.9629f,-0.0014f,0.2699f,-0.3042f,0.2545f,0.3275f,0.9099f,-3.441f,-0.0896f,0.9449f,-0.315f,0.6696f,0f,0f,0f,1f],start_interpolation: 0,interpolation_duration: 1}
$data merge entity $(bone_lens) {transformation: [-0.9629f,-0.0014f,0.2699f,-0.3042f,0.2545f,0.3275f,0.9099f,-3.441f,-0.0896f,0.9449f,-0.315f,0.6696f,0f,0f,0f,1f],start_interpolation: 0,interpolation_duration: 1}
$data merge entity $(bone_inner1) {transformation: [-0.9629f,-0.0014f,0.2699f,-0.3042f,0.2545f,0.3275f,0.9099f,-3.441f,-0.0896f,0.9449f,-0.315f,0.6696f,0f,0f,0f,1f],start_interpolation: 0,interpolation_duration: 1}
$data merge entity $(bone_button) {transformation: [-0.9629f,-0.0014f,0.2699f,-0.3042f,0.2545f,0.3275f,0.9099f,-3.441f,-0.0896f,0.9449f,-0.315f,0.6696f,0f,0f,0f,1f],start_interpolation: 0,interpolation_duration: 1}
$data merge entity $(bone_polaroid) {transformation: [-0.9629f,-0.0014f,0.2699f,-0.2898f,0.2545f,0.3275f,0.9099f,-2.933f,-0.0896f,0.9449f,-0.315f,0.5621f,0f,0f,0f,1f],start_interpolation: 0,interpolation_duration: 1}
$data merge entity $(bone_right_arm) {transformation: [-0.9995f,-0.0322f,0f,-0.3774f,-0.0309f,0.9577f,-0.286f,-2.1599f,0.0092f,-0.2858f,-0.9582f,0.4293f,0f,0f,0f,1f],start_interpolation: 0,interpolation_duration: 1}
$data merge entity $(bone_left_arm) {transformation: [-0.9927f,0.1205f,0.0019f,0.2673f,0.1155f,0.9557f,-0.2706f,-2.1792f,-0.0345f,-0.2684f,-0.9627f,0.4049f,0f,0f,0f,1f],start_interpolation: 0,interpolation_duration: 1}