# This file was generated by Animated Java via MC-Build. It is not recommended to edit this file directly.
$data merge entity $(bone_inner) {transformation: [-0.9895f,-0.007f,0.1441f,-0.0232f,0.0045f,0.9969f,0.0792f,-1.2104f,-0.1442f,0.079f,-0.9864f,1.5446f,0f,0f,0f,1f],start_interpolation: 0,interpolation_duration: 1}
$data merge entity $(bone_lens) {transformation: [-0.9895f,-0.007f,0.1441f,-0.0232f,0.0045f,0.9969f,0.0792f,-1.2104f,-0.1442f,0.079f,-0.9864f,1.5446f,0f,0f,0f,1f],start_interpolation: 0,interpolation_duration: 1}
$data merge entity $(bone_inner1) {transformation: [-0.9895f,-0.007f,0.1441f,-0.0232f,0.0045f,0.9969f,0.0792f,-1.2104f,-0.1442f,0.079f,-0.9864f,1.5446f,0f,0f,0f,1f],start_interpolation: 0,interpolation_duration: 1}
$data merge entity $(bone_button) {transformation: [-0.9895f,-0.007f,0.1441f,-0.0232f,0.0045f,0.9969f,0.0792f,-1.2104f,-0.1442f,0.079f,-0.9864f,1.5446f,0f,0f,0f,1f],start_interpolation: 0,interpolation_duration: 1}
$data merge entity $(bone_polaroid) {transformation: [-0.9895f,-0.007f,0.1441f,-0.0752f,0.0045f,0.9969f,0.0792f,-1.1057f,-0.1442f,0.079f,-0.9864f,1.0385f,0f,0f,0f,1f],start_interpolation: 0,interpolation_duration: 1}
$data merge entity $(bone_right_arm) {transformation: [-0.9871f,-0.1603f,0f,-0.2622f,-0.0195f,0.1203f,-0.9925f,-0.9199f,0.1591f,-0.9797f,-0.1218f,0.2945f,0f,0f,0f,1f],start_interpolation: 0,interpolation_duration: 1}
$data merge entity $(bone_left_arm) {transformation: [-0.8233f,0.5658f,0.0456f,0.3365f,0.0692f,0.1798f,-0.9813f,-1.07f,-0.5634f,-0.8047f,-0.1871f,0.3341f,0f,0f,0f,1f],start_interpolation: 0,interpolation_duration: 1}