# This file was generated by Animated Java via MC-Build. It is not recommended to edit this file directly.
$data merge entity $(bone_inner) {transformation: [-0.9901f,-0.0072f,0.1402f,-0.0146f,-0.001f,0.999f,0.044f,-1.1704f,-0.1404f,0.0435f,-0.9891f,1.5492f,0f,0f,0f,1f],start_interpolation: 0,interpolation_duration: 1}
$data merge entity $(bone_lens) {transformation: [-0.9901f,-0.0072f,0.1402f,-0.0146f,-0.001f,0.999f,0.044f,-1.1704f,-0.1404f,0.0435f,-0.9891f,1.5492f,0f,0f,0f,1f],start_interpolation: 0,interpolation_duration: 1}
$data merge entity $(bone_inner1) {transformation: [-0.9901f,-0.0072f,0.1402f,-0.0146f,-0.001f,0.999f,0.044f,-1.1704f,-0.1404f,0.0435f,-0.9891f,1.5492f,0f,0f,0f,1f],start_interpolation: 0,interpolation_duration: 1}
$data merge entity $(bone_button) {transformation: [-0.9901f,-0.0072f,0.1402f,-0.0146f,-0.001f,0.999f,0.044f,-1.1704f,-0.1404f,0.0435f,-0.9891f,1.5492f,0f,0f,0f,1f],start_interpolation: 0,interpolation_duration: 1}
$data merge entity $(bone_polaroid) {transformation: [-0.9901f,-0.0072f,0.1402f,-0.0687f,-0.001f,0.999f,0.044f,-1.0838f,-0.1404f,0.0435f,-0.9891f,1.0399f,0f,0f,0f,1f],start_interpolation: 0,interpolation_duration: 1}
$data merge entity $(bone_right_arm) {transformation: [-0.9864f,-0.1642f,0f,-0.2586f,-0.0142f,0.0852f,-0.9963f,-0.9247f,0.1636f,-0.9827f,-0.0864f,0.2904f,0f,0f,0f,1f],start_interpolation: 0,interpolation_duration: 1}
$data merge entity $(bone_left_arm) {transformation: [-0.8148f,0.5778f,0.0478f,0.3386f,0.0501f,0.1522f,-0.9871f,-1.0769f,-0.5776f,-0.8019f,-0.153f,0.3365f,0f,0f,0f,1f],start_interpolation: 0,interpolation_duration: 1}