# This file was generated by Animated Java via MC-Build. It is not recommended to edit this file directly.
$data merge entity $(bone_inner) {transformation: [-0.9905f,-0.0073f,0.1373f,-0.0081f,-0.0049f,0.9998f,0.0175f,-1.1404f,-0.1374f,0.0167f,-0.9904f,1.5516f,0f,0f,0f,1f],start_interpolation: 0,interpolation_duration: 1}
$data merge entity $(bone_lens) {transformation: [-0.9905f,-0.0073f,0.1373f,-0.0081f,-0.0049f,0.9998f,0.0175f,-1.1404f,-0.1374f,0.0167f,-0.9904f,1.5516f,0f,0f,0f,1f],start_interpolation: 0,interpolation_duration: 1}
$data merge entity $(bone_inner1) {transformation: [-0.9905f,-0.0073f,0.1373f,-0.0081f,-0.0049f,0.9998f,0.0175f,-1.1404f,-0.1374f,0.0167f,-0.9904f,1.5516f,0f,0f,0f,1f],start_interpolation: 0,interpolation_duration: 1}
$data merge entity $(bone_button) {transformation: [-0.9905f,-0.0073f,0.1373f,-0.0081f,-0.0049f,0.9998f,0.0175f,-1.1404f,-0.1374f,0.0167f,-0.9904f,1.5516f,0f,0f,0f,1f],start_interpolation: 0,interpolation_duration: 1}
$data merge entity $(bone_polaroid) {transformation: [-0.9905f,-0.0073f,0.1373f,-0.0638f,-0.0049f,0.9998f,0.0175f,-1.0675f,-0.1374f,0.0167f,-0.9904f,1.0403f,0f,0f,0f,1f],start_interpolation: 0,interpolation_duration: 1}
$data merge entity $(bone_right_arm) {transformation: [-0.9859f,-0.1671f,0f,-0.2559f,-0.01f,0.0588f,-0.9982f,-0.9285f,0.1668f,-0.9842f,-0.0597f,0.2875f,0f,0f,0f,1f],start_interpolation: 0,interpolation_duration: 1}
$data merge entity $(bone_left_arm) {transformation: [-0.8083f,0.5868f,0.0494f,0.3402f,0.0351f,0.1318f,-0.9907f,-1.0822f,-0.5878f,-0.799f,-0.1271f,0.3385f,0f,0f,0f,1f],start_interpolation: 0,interpolation_duration: 1}