# This file was generated by Animated Java via MC-Build. It is not recommended to edit this file directly.
$data merge entity $(bone_inner) {transformation: [-0.9908f,-0.0074f,0.1351f,-0.0034f,-0.0077f,1f,-0.002f,-1.1183f,-0.1351f,-0.003f,-0.9908f,1.5529f,0f,0f,0f,1f],start_interpolation: 0,interpolation_duration: 1}
$data merge entity $(bone_lens) {transformation: [-0.9908f,-0.0074f,0.1351f,-0.0034f,-0.0077f,1f,-0.002f,-1.1183f,-0.1351f,-0.003f,-0.9908f,1.5529f,0f,0f,0f,1f],start_interpolation: 0,interpolation_duration: 1}
$data merge entity $(bone_inner1) {transformation: [-0.9908f,-0.0074f,0.1351f,-0.0034f,-0.0077f,1f,-0.002f,-1.1183f,-0.1351f,-0.003f,-0.9908f,1.5529f,0f,0f,0f,1f],start_interpolation: 0,interpolation_duration: 1}
$data merge entity $(bone_button) {transformation: [-0.9908f,-0.0074f,0.1351f,-0.0034f,-0.0077f,1f,-0.002f,-1.1183f,-0.1351f,-0.003f,-0.9908f,1.5529f,0f,0f,0f,1f],start_interpolation: 0,interpolation_duration: 1}
$data merge entity $(bone_polaroid) {transformation: [-0.9908f,-0.0074f,0.1351f,-0.0601f,-0.0077f,1f,-0.002f,-1.0555f,-0.1351f,-0.003f,-0.9908f,1.0404f,0f,0f,0f,1f],start_interpolation: 0,interpolation_duration: 1}
$data merge entity $(bone_right_arm) {transformation: [-0.9856f,-0.1693f,0f,-0.254f,-0.0068f,0.0394f,-0.9992f,-0.9314f,0.1691f,-0.9848f,-0.04f,0.2854f,0f,0f,0f,1f],start_interpolation: 0,interpolation_duration: 1}
$data merge entity $(bone_left_arm) {transformation: [-0.8034f,0.5933f,0.0506f,0.3414f,0.0238f,0.1169f,-0.9929f,-1.086f,-0.595f,-0.7965f,-0.1081f,0.3401f,0f,0f,0f,1f],start_interpolation: 0,interpolation_duration: 1}