# This file was generated by Animated Java via MC-Build. It is not recommended to edit this file directly.
$data merge entity $(bone_inner) {transformation: [-0.991f,-0.0075f,0.1335f,0f,-0.0097f,0.9998f,-0.0159f,-1.1025f,-0.1334f,-0.0171f,-0.9909f,1.5535f,0f,0f,0f,1f],start_interpolation: 0,interpolation_duration: 1}
$data merge entity $(bone_lens) {transformation: [-0.991f,-0.0075f,0.1335f,0f,-0.0097f,0.9998f,-0.0159f,-1.1025f,-0.1334f,-0.0171f,-0.9909f,1.5535f,0f,0f,0f,1f],start_interpolation: 0,interpolation_duration: 1}
$data merge entity $(bone_inner1) {transformation: [-0.991f,-0.0075f,0.1335f,0f,-0.0097f,0.9998f,-0.0159f,-1.1025f,-0.1334f,-0.0171f,-0.9909f,1.5535f,0f,0f,0f,1f],start_interpolation: 0,interpolation_duration: 1}
$data merge entity $(bone_button) {transformation: [-0.991f,-0.0075f,0.1335f,0f,-0.0097f,0.9998f,-0.0159f,-1.1025f,-0.1334f,-0.0171f,-0.9909f,1.5535f,0f,0f,0f,1f],start_interpolation: 0,interpolation_duration: 1}
$data merge entity $(bone_polaroid) {transformation: [-0.991f,-0.0075f,0.1335f,-0.0575f,-0.0097f,0.9998f,-0.0159f,-1.0469f,-0.1334f,-0.0171f,-0.9909f,1.0403f,0f,0f,0f,1f],start_interpolation: 0,interpolation_duration: 1}
$data merge entity $(bone_right_arm) {transformation: [-0.9853f,-0.1708f,0f,-0.2526f,-0.0044f,0.0255f,-0.9997f,-0.9335f,0.1708f,-0.985f,-0.0259f,0.2839f,0f,0f,0f,1f],start_interpolation: 0,interpolation_duration: 1}
$data merge entity $(bone_left_arm) {transformation: [-0.7999f,0.598f,0.0514f,0.3422f,0.0155f,0.1063f,-0.9942f,-1.0887f,-0.6f,-0.7944f,-0.0944f,0.3413f,0f,0f,0f,1f],start_interpolation: 0,interpolation_duration: 1}