# This file was generated by Animated Java via MC-Build. It is not recommended to edit this file directly.
$data merge entity $(bone_inner) {transformation: [-0.9912f,-0.0075f,0.1325f,0.0024f,-0.011f,0.9996f,-0.0257f,-1.0915f,-0.1322f,-0.0269f,-0.9909f,1.5538f,0f,0f,0f,1f],start_interpolation: 0,interpolation_duration: 1}
$data merge entity $(bone_lens) {transformation: [-0.9912f,-0.0075f,0.1325f,0.0024f,-0.011f,0.9996f,-0.0257f,-1.0915f,-0.1322f,-0.0269f,-0.9909f,1.5538f,0f,0f,0f,1f],start_interpolation: 0,interpolation_duration: 1}
$data merge entity $(bone_inner1) {transformation: [-0.9912f,-0.0075f,0.1325f,0.0024f,-0.011f,0.9996f,-0.0257f,-1.0915f,-0.1322f,-0.0269f,-0.9909f,1.5538f,0f,0f,0f,1f],start_interpolation: 0,interpolation_duration: 1}
$data merge entity $(bone_button) {transformation: [-0.9912f,-0.0075f,0.1325f,0.0024f,-0.011f,0.9996f,-0.0257f,-1.0915f,-0.1322f,-0.0269f,-0.9909f,1.5538f,0f,0f,0f,1f],start_interpolation: 0,interpolation_duration: 1}
$data merge entity $(bone_polaroid) {transformation: [-0.9912f,-0.0075f,0.1325f,-0.0557f,-0.011f,0.9996f,-0.0257f,-1.041f,-0.1322f,-0.0269f,-0.9909f,1.0401f,0f,0f,0f,1f],start_interpolation: 0,interpolation_duration: 1}
$data merge entity $(bone_right_arm) {transformation: [-0.9851f,-0.1719f,0f,-0.2516f,-0.0028f,0.0158f,-0.9999f,-0.935f,0.1719f,-0.985f,-0.0161f,0.2829f,0f,0f,0f,1f],start_interpolation: 0,interpolation_duration: 1}
$data merge entity $(bone_left_arm) {transformation: [-0.7974f,0.6012f,0.0521f,0.3428f,0.0097f,0.099f,-0.995f,-1.0906f,-0.6034f,-0.793f,-0.0848f,0.3422f,0f,0f,0f,1f],start_interpolation: 0,interpolation_duration: 1}