# This file was generated by Animated Java via MC-Build. It is not recommended to edit this file directly.
$data merge entity $(bone_inner) {transformation: [-0.9913f,-0.0075f,0.1317f,0.004f,-0.0119f,0.9994f,-0.0322f,-1.0841f,-0.1314f,-0.0335f,-0.9908f,1.554f,0f,0f,0f,1f],start_interpolation: 0,interpolation_duration: 1}
$data merge entity $(bone_lens) {transformation: [-0.9913f,-0.0075f,0.1317f,0.004f,-0.0119f,0.9994f,-0.0322f,-1.0841f,-0.1314f,-0.0335f,-0.9908f,1.554f,0f,0f,0f,1f],start_interpolation: 0,interpolation_duration: 1}
$data merge entity $(bone_inner1) {transformation: [-0.9913f,-0.0075f,0.1317f,0.004f,-0.0119f,0.9994f,-0.0322f,-1.0841f,-0.1314f,-0.0335f,-0.9908f,1.554f,0f,0f,0f,1f],start_interpolation: 0,interpolation_duration: 1}
$data merge entity $(bone_button) {transformation: [-0.9913f,-0.0075f,0.1317f,0.004f,-0.0119f,0.9994f,-0.0322f,-1.0841f,-0.1314f,-0.0335f,-0.9908f,1.554f,0f,0f,0f,1f],start_interpolation: 0,interpolation_duration: 1}
$data merge entity $(bone_polaroid) {transformation: [-0.9913f,-0.0075f,0.1317f,-0.0545f,-0.0119f,0.9994f,-0.0322f,-1.037f,-0.1314f,-0.0335f,-0.9908f,1.04f,0f,0f,0f,1f],start_interpolation: 0,interpolation_duration: 1}
$data merge entity $(bone_right_arm) {transformation: [-0.985f,-0.1726f,0f,-0.2509f,-0.0016f,0.0094f,-1f,-0.936f,0.1726f,-0.9849f,-0.0095f,0.2822f,0f,0f,0f,1f],start_interpolation: 0,interpolation_duration: 1}
$data merge entity $(bone_left_arm) {transformation: [-0.7958f,0.6033f,0.0525f,0.3432f,0.0058f,0.0942f,-0.9955f,-1.0919f,-0.6056f,-0.7919f,-0.0784f,0.3428f,0f,0f,0f,1f],start_interpolation: 0,interpolation_duration: 1}