# This file was generated by Animated Java via MC-Build. It is not recommended to edit this file directly.
$data merge entity $(bone_inner) {transformation: [-0.9913f,-0.0075f,0.1313f,0.005f,-0.0124f,0.9993f,-0.0364f,-1.0794f,-0.1309f,-0.0377f,-0.9907f,1.5541f,0f,0f,0f,1f],start_interpolation: 0,interpolation_duration: 1}
$data merge entity $(bone_lens) {transformation: [-0.9913f,-0.0075f,0.1313f,0.005f,-0.0124f,0.9993f,-0.0364f,-1.0794f,-0.1309f,-0.0377f,-0.9907f,1.5541f,0f,0f,0f,1f],start_interpolation: 0,interpolation_duration: 1}
$data merge entity $(bone_inner1) {transformation: [-0.9913f,-0.0075f,0.1313f,0.005f,-0.0124f,0.9993f,-0.0364f,-1.0794f,-0.1309f,-0.0377f,-0.9907f,1.5541f,0f,0f,0f,1f],start_interpolation: 0,interpolation_duration: 1}
$data merge entity $(bone_button) {transformation: [-0.9913f,-0.0075f,0.1313f,0.005f,-0.0124f,0.9993f,-0.0364f,-1.0794f,-0.1309f,-0.0377f,-0.9907f,1.5541f,0f,0f,0f,1f],start_interpolation: 0,interpolation_duration: 1}
$data merge entity $(bone_polaroid) {transformation: [-0.9913f,-0.0075f,0.1313f,-0.0538f,-0.0124f,0.9993f,-0.0364f,-1.0344f,-0.1309f,-0.0377f,-0.9907f,1.0399f,0f,0f,0f,1f],start_interpolation: 0,interpolation_duration: 1}
$data merge entity $(bone_right_arm) {transformation: [-0.9849f,-0.1731f,0f,-0.2505f,-0.0009f,0.0052f,-1f,-0.9367f,0.1731f,-0.9849f,-0.0053f,0.2818f,0f,0f,0f,1f],start_interpolation: 0,interpolation_duration: 1}
$data merge entity $(bone_left_arm) {transformation: [-0.7947f,0.6047f,0.0527f,0.3434f,0.0032f,0.091f,-0.9958f,-1.0927f,-0.607f,-0.7912f,-0.0743f,0.3432f,0f,0f,0f,1f],start_interpolation: 0,interpolation_duration: 1}