# This file was generated by Animated Java via MC-Build. It is not recommended to edit this file directly.
$data merge entity $(bone_inner) {transformation: [-0.9914f,-0.0076f,0.131f,0.0056f,-0.0128f,0.9992f,-0.0389f,-1.0765f,-0.1306f,-0.0403f,-0.9906f,1.5541f,0f,0f,0f,1f],start_interpolation: 0,interpolation_duration: 1}
$data merge entity $(bone_lens) {transformation: [-0.9914f,-0.0076f,0.131f,0.0056f,-0.0128f,0.9992f,-0.0389f,-1.0765f,-0.1306f,-0.0403f,-0.9906f,1.5541f,0f,0f,0f,1f],start_interpolation: 0,interpolation_duration: 1}
$data merge entity $(bone_inner1) {transformation: [-0.9914f,-0.0076f,0.131f,0.0056f,-0.0128f,0.9992f,-0.0389f,-1.0765f,-0.1306f,-0.0403f,-0.9906f,1.5541f,0f,0f,0f,1f],start_interpolation: 0,interpolation_duration: 1}
$data merge entity $(bone_button) {transformation: [-0.9914f,-0.0076f,0.131f,0.0056f,-0.0128f,0.9992f,-0.0389f,-1.0765f,-0.1306f,-0.0403f,-0.9906f,1.5541f,0f,0f,0f,1f],start_interpolation: 0,interpolation_duration: 1}
$data merge entity $(bone_polaroid) {transformation: [-0.9914f,-0.0076f,0.131f,-0.0533f,-0.0128f,0.9992f,-0.0389f,-1.0329f,-0.1306f,-0.0403f,-0.9906f,1.0399f,0f,0f,0f,1f],start_interpolation: 0,interpolation_duration: 1}
$data merge entity $(bone_right_arm) {transformation: [-0.9849f,-0.1734f,0f,-0.2503f,-0.0005f,0.0027f,-1f,-0.9371f,0.1734f,-0.9849f,-0.0027f,0.2815f,0f,0f,0f,1f],start_interpolation: 0,interpolation_duration: 1}
$data merge entity $(bone_left_arm) {transformation: [-0.794f,0.6056f,0.0529f,0.3436f,0.0016f,0.0891f,-0.996f,-1.0932f,-0.6079f,-0.7908f,-0.0718f,0.3435f,0f,0f,0f,1f],start_interpolation: 0,interpolation_duration: 1}