# This file was generated by Animated Java via MC-Build. It is not recommended to edit this file directly.
$data merge entity $(bone_inner) {transformation: [-0.9914f,-0.0076f,0.1308f,0.006f,-0.013f,0.9991f,-0.0404f,-1.0749f,-0.1304f,-0.0417f,-0.9906f,1.5541f,0f,0f,0f,1f],start_interpolation: 0,interpolation_duration: 1}
$data merge entity $(bone_lens) {transformation: [-0.9914f,-0.0076f,0.1308f,0.006f,-0.013f,0.9991f,-0.0404f,-1.0749f,-0.1304f,-0.0417f,-0.9906f,1.5541f,0f,0f,0f,1f],start_interpolation: 0,interpolation_duration: 1}
$data merge entity $(bone_inner1) {transformation: [-0.9914f,-0.0076f,0.1308f,0.006f,-0.013f,0.9991f,-0.0404f,-1.0749f,-0.1304f,-0.0417f,-0.9906f,1.5541f,0f,0f,0f,1f],start_interpolation: 0,interpolation_duration: 1}
$data merge entity $(bone_button) {transformation: [-0.9914f,-0.0076f,0.1308f,0.006f,-0.013f,0.9991f,-0.0404f,-1.0749f,-0.1304f,-0.0417f,-0.9906f,1.5541f,0f,0f,0f,1f],start_interpolation: 0,interpolation_duration: 1}
$data merge entity $(bone_polaroid) {transformation: [-0.9914f,-0.0076f,0.1308f,-0.053f,-0.013f,0.9991f,-0.0404f,-1.032f,-0.1304f,-0.0417f,-0.9906f,1.0398f,0f,0f,0f,1f],start_interpolation: 0,interpolation_duration: 1}
$data merge entity $(bone_right_arm) {transformation: [-0.9848f,-0.1735f,0f,-0.2501f,-0.0002f,0.0012f,-1f,-0.9373f,0.1735f,-0.9848f,-0.0013f,0.2814f,0f,0f,0f,1f],start_interpolation: 0,interpolation_duration: 1}
$data merge entity $(bone_left_arm) {transformation: [-0.7937f,0.606f,0.053f,0.3437f,0.0008f,0.0881f,-0.9961f,-1.0935f,-0.6083f,-0.7905f,-0.0704f,0.3436f,0f,0f,0f,1f],start_interpolation: 0,interpolation_duration: 1}