# This file was generated by Animated Java via MC-Build. It is not recommended to edit this file directly.
$data merge entity $(bone_inner) {transformation: [-0.9699f,-0.0026f,0.2435f,-0.2445f,0.2024f,0.5472f,0.8121f,-3.0113f,-0.1354f,0.837f,-0.5302f,0.9536f,0f,0f,0f,1f],start_interpolation: 0,interpolation_duration: 1}
$data merge entity $(bone_lens) {transformation: [-0.9699f,-0.0026f,0.2435f,-0.2445f,0.2024f,0.5472f,0.8121f,-3.0113f,-0.1354f,0.837f,-0.5302f,0.9536f,0f,0f,0f,1f],start_interpolation: 0,interpolation_duration: 1}
$data merge entity $(bone_inner1) {transformation: [-0.9699f,-0.0026f,0.2435f,-0.2445f,0.2024f,0.5472f,0.8121f,-3.0113f,-0.1354f,0.837f,-0.5302f,0.9536f,0f,0f,0f,1f],start_interpolation: 0,interpolation_duration: 1}
$data merge entity $(bone_button) {transformation: [-0.9699f,-0.0026f,0.2435f,-0.2445f,0.2024f,0.5472f,0.8121f,-3.0113f,-0.1354f,0.837f,-0.5302f,0.9536f,0f,0f,0f,1f],start_interpolation: 0,interpolation_duration: 1}
$data merge entity $(bone_polaroid) {transformation: [-0.9699f,-0.0026f,0.2435f,-0.2441f,0.2024f,0.5472f,0.8121f,-2.5445f,-0.1354f,0.837f,-0.5302f,0.7257f,0f,0f,0f,1f],start_interpolation: 0,interpolation_duration: 1}
$data merge entity $(bone_right_arm) {transformation: [-0.9982f,-0.0595f,0f,-0.353f,-0.0511f,0.8585f,-0.5103f,-1.8292f,0.0303f,-0.5094f,-0.86f,0.4103f,0f,0f,0f,1f],start_interpolation: 0,interpolation_duration: 1}
$data merge entity $(bone_left_arm) {transformation: [-0.9752f,0.2212f,0.0066f,0.282f,0.1903f,0.8535f,-0.4851f,-1.8747f,-0.1129f,-0.4718f,-0.8744f,0.3754f,0f,0f,0f,1f],start_interpolation: 0,interpolation_duration: 1}