# This file was generated by Animated Java via MC-Build. It is not recommended to edit this file directly.
$data merge entity $(bone_inner) {transformation: [-0.9914f,-0.0076f,0.1307f,0.0062f,-0.0131f,0.9991f,-0.0411f,-1.0741f,-0.1303f,-0.0425f,-0.9906f,1.5541f,0f,0f,0f,1f],start_interpolation: 0,interpolation_duration: 1}
$data merge entity $(bone_lens) {transformation: [-0.9914f,-0.0076f,0.1307f,0.0062f,-0.0131f,0.9991f,-0.0411f,-1.0741f,-0.1303f,-0.0425f,-0.9906f,1.5541f,0f,0f,0f,1f],start_interpolation: 0,interpolation_duration: 1}
$data merge entity $(bone_inner1) {transformation: [-0.9914f,-0.0076f,0.1307f,0.0062f,-0.0131f,0.9991f,-0.0411f,-1.0741f,-0.1303f,-0.0425f,-0.9906f,1.5541f,0f,0f,0f,1f],start_interpolation: 0,interpolation_duration: 1}
$data merge entity $(bone_button) {transformation: [-0.9914f,-0.0076f,0.1307f,0.0062f,-0.0131f,0.9991f,-0.0411f,-1.0741f,-0.1303f,-0.0425f,-0.9906f,1.5541f,0f,0f,0f,1f],start_interpolation: 0,interpolation_duration: 1}
$data merge entity $(bone_polaroid) {transformation: [-0.9914f,-0.0076f,0.1307f,-0.0529f,-0.0131f,0.9991f,-0.0411f,-1.0316f,-0.1303f,-0.0425f,-0.9906f,1.0398f,0f,0f,0f,1f],start_interpolation: 0,interpolation_duration: 1}
$data merge entity $(bone_right_arm) {transformation: [-0.9848f,-0.1736f,0f,-0.2501f,-0.0001f,0.0005f,-1f,-0.9374f,0.1736f,-0.9848f,-0.0005f,0.2813f,0f,0f,0f,1f],start_interpolation: 0,interpolation_duration: 1}
$data merge entity $(bone_left_arm) {transformation: [-0.7935f,0.6063f,0.053f,0.3437f,0.0003f,0.0875f,-0.9962f,-1.0937f,-0.6086f,-0.7904f,-0.0696f,0.3437f,0f,0f,0f,1f],start_interpolation: 0,interpolation_duration: 1}