# This file was generated by Animated Java via MC-Build. It is not recommended to edit this file directly.
$data merge entity $(bone_inner) {transformation: [-0.9752f,-0.0036f,0.2212f,-0.1943f,0.154f,0.707f,0.6902f,-2.5518f,-0.1589f,0.7072f,-0.689f,1.1597f,0f,0f,0f,1f],start_interpolation: 0,interpolation_duration: 1}
$data merge entity $(bone_lens) {transformation: [-0.9752f,-0.0036f,0.2212f,-0.1943f,0.154f,0.707f,0.6902f,-2.5518f,-0.1589f,0.7072f,-0.689f,1.1597f,0f,0f,0f,1f],start_interpolation: 0,interpolation_duration: 1}
$data merge entity $(bone_inner1) {transformation: [-0.9752f,-0.0036f,0.2212f,-0.1943f,0.154f,0.707f,0.6902f,-2.5518f,-0.1589f,0.7072f,-0.689f,1.1597f,0f,0f,0f,1f],start_interpolation: 0,interpolation_duration: 1}
$data merge entity $(bone_button) {transformation: [-0.9752f,-0.0036f,0.2212f,-0.1943f,0.154f,0.707f,0.6902f,-2.5518f,-0.1589f,0.7072f,-0.689f,1.1597f,0f,0f,0f,1f],start_interpolation: 0,interpolation_duration: 1}
$data merge entity $(bone_polaroid) {transformation: [-0.9752f,-0.0036f,0.2212f,-0.2058f,0.154f,0.707f,0.6902f,-2.1417f,-0.1589f,0.7072f,-0.689f,0.8411f,0f,0f,0f,1f],start_interpolation: 0,interpolation_duration: 1}
$data merge entity $(bone_right_arm) {transformation: [-0.9966f,-0.0823f,0f,-0.3325f,-0.0607f,0.7347f,-0.6756f,-1.5081f,0.0556f,-0.6733f,-0.7372f,0.3876f,0f,0f,0f,1f],start_interpolation: 0,interpolation_duration: 1}
$data merge entity $(bone_left_arm) {transformation: [-0.9526f,0.3039f,0.0125f,0.2943f,0.2243f,0.7295f,-0.6461f,-1.5797f,-0.2055f,-0.6127f,-0.7631f,0.3532f,0f,0f,0f,1f],start_interpolation: 0,interpolation_duration: 1}