# This file was generated by Animated Java via MC-Build. It is not recommended to edit this file directly.
$data merge entity $(bone_inner) {transformation: [-0.9793f,-0.0044f,0.2026f,-0.1526f,0.1131f,0.8176f,0.5645f,-2.0888f,-0.1681f,0.5757f,-0.8002f,1.3025f,0f,0f,0f,1f],start_interpolation: 0,interpolation_duration: 1}
$data merge entity $(bone_lens) {transformation: [-0.9793f,-0.0044f,0.2026f,-0.1526f,0.1131f,0.8176f,0.5645f,-2.0888f,-0.1681f,0.5757f,-0.8002f,1.3025f,0f,0f,0f,1f],start_interpolation: 0,interpolation_duration: 1}
$data merge entity $(bone_inner1) {transformation: [-0.9793f,-0.0044f,0.2026f,-0.1526f,0.1131f,0.8176f,0.5645f,-2.0888f,-0.1681f,0.5757f,-0.8002f,1.3025f,0f,0f,0f,1f],start_interpolation: 0,interpolation_duration: 1}
$data merge entity $(bone_button) {transformation: [-0.9793f,-0.0044f,0.2026f,-0.1526f,0.1131f,0.8176f,0.5645f,-2.0888f,-0.1681f,0.5757f,-0.8002f,1.3025f,0f,0f,0f,1f],start_interpolation: 0,interpolation_duration: 1}
$data merge entity $(bone_polaroid) {transformation: [-0.9793f,-0.0044f,0.2026f,-0.174f,0.1131f,0.8176f,0.5645f,-1.7395f,-0.1681f,0.5757f,-0.8002f,0.9187f,0f,0f,0f,1f],start_interpolation: 0,interpolation_duration: 1}
$data merge entity $(bone_right_arm) {transformation: [-0.9948f,-0.1014f,0f,-0.3153f,-0.0619f,0.6075f,-0.7919f,-1.1945f,0.0803f,-0.7878f,-0.6107f,0.3655f,0f,0f,0f,1f],start_interpolation: 0,interpolation_duration: 1}
$data merge entity $(bone_left_arm) {transformation: [-0.9284f,0.3712f,0.0189f,0.3045f,0.227f,0.6064f,-0.7621f,-1.2887f,-0.2943f,-0.7032f,-0.6472f,0.3388f,0f,0f,0f,1f],start_interpolation: 0,interpolation_duration: 1}