# This file was generated by Animated Java via MC-Build. It is not recommended to edit this file directly.
$data merge entity $(bone_inner) {transformation: [-0.9823f,-0.0051f,0.1871f,-0.1181f,0.0805f,0.8909f,0.447f,-1.637f,-0.169f,0.4541f,-0.8748f,1.398f,0f,0f,0f,1f],start_interpolation: 0,interpolation_duration: 1}
$data merge entity $(bone_lens) {transformation: [-0.9823f,-0.0051f,0.1871f,-0.1181f,0.0805f,0.8909f,0.447f,-1.637f,-0.169f,0.4541f,-0.8748f,1.398f,0f,0f,0f,1f],start_interpolation: 0,interpolation_duration: 1}
$data merge entity $(bone_inner1) {transformation: [-0.9823f,-0.0051f,0.1871f,-0.1181f,0.0805f,0.8909f,0.447f,-1.637f,-0.169f,0.4541f,-0.8748f,1.398f,0f,0f,0f,1f],start_interpolation: 0,interpolation_duration: 1}
$data merge entity $(bone_button) {transformation: [-0.9823f,-0.0051f,0.1871f,-0.1181f,0.0805f,0.8909f,0.447f,-1.637f,-0.169f,0.4541f,-0.8748f,1.398f,0f,0f,0f,1f],start_interpolation: 0,interpolation_duration: 1}
$data merge entity $(bone_polaroid) {transformation: [-0.9823f,-0.0051f,0.1871f,-0.1477f,0.0805f,0.8909f,0.447f,-1.3457f,-0.169f,0.4541f,-0.8748f,0.9689f,0f,0f,0f,1f],start_interpolation: 0,interpolation_duration: 1}
$data merge entity $(bone_right_arm) {transformation: [-0.9931f,-0.1171f,0f,-0.3012f,-0.0576f,0.4889f,-0.8704f,-0.8858f,0.1019f,-0.8644f,-0.4923f,0.3461f,0f,0f,0f,1f],start_interpolation: 0,interpolation_duration: 1}
$data merge entity $(bone_left_arm) {transformation: [-0.9047f,0.4252f,0.025f,0.313f,0.2097f,0.4957f,-0.8428f,-0.9979f,-0.3708f,-0.7573f,-0.5376f,0.3309f,0f,0f,0f,1f],start_interpolation: 0,interpolation_duration: 1}