# This file was generated by Animated Java via MC-Build. It is not recommended to edit this file directly.
$data merge entity $(bone_inner) {transformation: [-0.9847f,-0.0057f,0.1744f,-0.0899f,0.0554f,0.9376f,0.3432f,-1.5152f,-0.1654f,0.3476f,-0.9229f,1.4598f,0f,0f,0f,1f],start_interpolation: 0,interpolation_duration: 1}
$data merge entity $(bone_lens) {transformation: [-0.9847f,-0.0057f,0.1744f,-0.0899f,0.0554f,0.9376f,0.3432f,-1.5152f,-0.1654f,0.3476f,-0.9229f,1.4598f,0f,0f,0f,1f],start_interpolation: 0,interpolation_duration: 1}
$data merge entity $(bone_inner1) {transformation: [-0.9847f,-0.0057f,0.1744f,-0.0899f,0.0554f,0.9376f,0.3432f,-1.5152f,-0.1654f,0.3476f,-0.9229f,1.4598f,0f,0f,0f,1f],start_interpolation: 0,interpolation_duration: 1}
$data merge entity $(bone_button) {transformation: [-0.9847f,-0.0057f,0.1744f,-0.0899f,0.0554f,0.9376f,0.3432f,-1.5152f,-0.1654f,0.3476f,-0.9229f,1.4598f,0f,0f,0f,1f],start_interpolation: 0,interpolation_duration: 1}
$data merge entity $(bone_polaroid) {transformation: [-0.9847f,-0.0057f,0.1744f,-0.1262f,0.0554f,0.9376f,0.3432f,-1.276f,-0.1654f,0.3476f,-0.9229f,1.0002f,0f,0f,0f,1f],start_interpolation: 0,interpolation_duration: 1}
$data merge entity $(bone_right_arm) {transformation: [-0.9915f,-0.1299f,0f,-0.2896f,-0.0504f,0.3845f,-0.9217f,-0.8923f,0.1197f,-0.9139f,-0.3878f,0.33f,0f,0f,0f,1f],start_interpolation: 0,interpolation_duration: 1}
$data merge entity $(bone_left_arm) {transformation: [-0.883f,0.4683f,0.0306f,0.32f,0.182f,0.4017f,-0.8975f,-1.0179f,-0.4326f,-0.7869f,-0.44f,0.3278f,0f,0f,0f,1f],start_interpolation: 0,interpolation_duration: 1}