# This file was generated by Animated Java via MC-Build. It is not recommended to edit this file directly.
$data merge entity $(bone_inner) {transformation: [-0.9864f,-0.0061f,0.1641f,-0.0671f,0.0365f,0.9662f,0.2553f,-1.4129f,-0.1601f,0.2578f,-0.9529f,1.4986f,0f,0f,0f,1f],start_interpolation: 0,interpolation_duration: 1}
$data merge entity $(bone_lens) {transformation: [-0.9864f,-0.0061f,0.1641f,-0.0671f,0.0365f,0.9662f,0.2553f,-1.4129f,-0.1601f,0.2578f,-0.9529f,1.4986f,0f,0f,0f,1f],start_interpolation: 0,interpolation_duration: 1}
$data merge entity $(bone_inner1) {transformation: [-0.9864f,-0.0061f,0.1641f,-0.0671f,0.0365f,0.9662f,0.2553f,-1.4129f,-0.1601f,0.2578f,-0.9529f,1.4986f,0f,0f,0f,1f],start_interpolation: 0,interpolation_duration: 1}
$data merge entity $(bone_button) {transformation: [-0.9864f,-0.0061f,0.1641f,-0.0671f,0.0365f,0.9662f,0.2553f,-1.4129f,-0.1601f,0.2578f,-0.9529f,1.4986f,0f,0f,0f,1f],start_interpolation: 0,interpolation_duration: 1}
$data merge entity $(bone_polaroid) {transformation: [-0.9864f,-0.0061f,0.1641f,-0.1087f,0.0365f,0.9662f,0.2553f,-1.2181f,-0.1601f,0.2578f,-0.9529f,1.0189f,0f,0f,0f,1f],start_interpolation: 0,interpolation_duration: 1}
$data merge entity $(bone_right_arm) {transformation: [-0.9901f,-0.1403f,0f,-0.2802f,-0.042f,0.2963f,-0.9542f,-0.8998f,0.1339f,-0.9447f,-0.2993f,0.3173f,0f,0f,0f,1f],start_interpolation: 0,interpolation_duration: 1}
$data merge entity $(bone_left_arm) {transformation: [-0.8639f,0.5024f,0.0354f,0.3256f,0.1507f,0.325f,-0.9336f,-1.0351f,-0.4806f,-0.8012f,-0.3565f,0.3276f,0f,0f,0f,1f],start_interpolation: 0,interpolation_duration: 1}