# This file was generated by Animated Java via MC-Build. It is not recommended to edit this file directly.
$data merge entity $(bone_inner) {transformation: [-0.9878f,-0.0065f,0.1558f,-0.0488f,0.0224f,0.9829f,0.1829f,-1.3293f,-0.1543f,0.1842f,-0.9707f,1.5224f,0f,0f,0f,1f],start_interpolation: 0,interpolation_duration: 1}
$data merge entity $(bone_lens) {transformation: [-0.9878f,-0.0065f,0.1558f,-0.0488f,0.0224f,0.9829f,0.1829f,-1.3293f,-0.1543f,0.1842f,-0.9707f,1.5224f,0f,0f,0f,1f],start_interpolation: 0,interpolation_duration: 1}
$data merge entity $(bone_inner1) {transformation: [-0.9878f,-0.0065f,0.1558f,-0.0488f,0.0224f,0.9829f,0.1829f,-1.3293f,-0.1543f,0.1842f,-0.9707f,1.5224f,0f,0f,0f,1f],start_interpolation: 0,interpolation_duration: 1}
$data merge entity $(bone_button) {transformation: [-0.9878f,-0.0065f,0.1558f,-0.0488f,0.0224f,0.9829f,0.1829f,-1.3293f,-0.1543f,0.1842f,-0.9707f,1.5224f,0f,0f,0f,1f],start_interpolation: 0,interpolation_duration: 1}
$data merge entity $(bone_polaroid) {transformation: [-0.9878f,-0.0065f,0.1558f,-0.0948f,0.0224f,0.9829f,0.1829f,-1.1714f,-0.1543f,0.1842f,-0.9707f,1.0297f,0f,0f,0f,1f],start_interpolation: 0,interpolation_duration: 1}
$data merge entity $(bone_right_arm) {transformation: [-0.9889f,-0.1486f,0f,-0.2727f,-0.0336f,0.2239f,-0.974f,-0.9073f,0.1447f,-0.9632f,-0.2264f,0.3074f,0f,0f,0f,1f],start_interpolation: 0,interpolation_duration: 1}
$data merge entity $(bone_left_arm) {transformation: [-0.8476f,0.5292f,0.0395f,0.3301f,0.1201f,0.2639f,-0.957f,-1.0494f,-0.5168f,-0.8064f,-0.2873f,0.3292f,0f,0f,0f,1f],start_interpolation: 0,interpolation_duration: 1}