# This file was generated by Animated Java via MC-Build. It is not recommended to edit this file directly.
$data merge entity $(bone_inner) {transformation: [-0.9888f,-0.0068f,0.1492f,-0.0344f,0.012f,0.9921f,0.1248f,-1.2626f,-0.1489f,0.1252f,-0.9809f,1.5365f,0f,0f,0f,1f],start_interpolation: 0,interpolation_duration: 1}
$data merge entity $(bone_lens) {transformation: [-0.9888f,-0.0068f,0.1492f,-0.0344f,0.012f,0.9921f,0.1248f,-1.2626f,-0.1489f,0.1252f,-0.9809f,1.5365f,0f,0f,0f,1f],start_interpolation: 0,interpolation_duration: 1}
$data merge entity $(bone_inner1) {transformation: [-0.9888f,-0.0068f,0.1492f,-0.0344f,0.012f,0.9921f,0.1248f,-1.2626f,-0.1489f,0.1252f,-0.9809f,1.5365f,0f,0f,0f,1f],start_interpolation: 0,interpolation_duration: 1}
$data merge entity $(bone_button) {transformation: [-0.9888f,-0.0068f,0.1492f,-0.0344f,0.012f,0.9921f,0.1248f,-1.2626f,-0.1489f,0.1252f,-0.9809f,1.5365f,0f,0f,0f,1f],start_interpolation: 0,interpolation_duration: 1}
$data merge entity $(bone_polaroid) {transformation: [-0.9888f,-0.0068f,0.1492f,-0.0838f,0.012f,0.9921f,0.1248f,-1.1344f,-0.1489f,0.1252f,-0.9809f,1.0355f,0f,0f,0f,1f],start_interpolation: 0,interpolation_duration: 1}
$data merge entity $(bone_right_arm) {transformation: [-0.9879f,-0.1552f,0f,-0.2668f,-0.026f,0.1658f,-0.9858f,-0.9141f,0.153f,-0.9739f,-0.1679f,0.3f,0f,0f,0f,1f],start_interpolation: 0,interpolation_duration: 1}
$data merge entity $(bone_left_arm) {transformation: [-0.8341f,0.5499f,0.0429f,0.3337f,0.0926f,0.2163f,-0.9719f,-1.0609f,-0.5437f,-0.8067f,-0.2313f,0.3316f,0f,0f,0f,1f],start_interpolation: 0,interpolation_duration: 1}