# This file was generated by Animated Java via MC-Build. It is not recommended to edit this file directly.
$data merge entity $(bone_right_arm_hazmat) {transformation: [-0.9537f,-0.2126f,0.2126f,-0.2086f,0.0904f,0.4716f,0.8772f,-0.4197f,-0.2868f,0.8558f,-0.4305f,-0.1591f,0f,0f,0f,1f],start_interpolation: 0,interpolation_duration: 1}
$data merge entity $(bone_left_arm_hazmat) {transformation: [-0.9537f,0.2217f,0.2032f,0.1788f,0.0904f,0.8558f,-0.5094f,-0.4267f,-0.2868f,-0.4675f,-0.8362f,-0.0332f,0f,0f,0f,1f],start_interpolation: 0,interpolation_duration: 1}
$data merge entity $(bone_head) {transformation: [-0.9537f,0f,0.3007f,0f,0.0904f,0.9537f,0.2868f,-0.4693f,-0.2868f,0.3007f,-0.9096f,-0.1058f,0f,0f,0f,1f],start_interpolation: 0,interpolation_duration: 1}
$data merge entity $(bone_body) {transformation: [-0.9537f,0f,0.3007f,0f,0.0904f,0.9537f,0.2868f,-1.125f,-0.2868f,0.3007f,-0.9096f,-0.3125f,0f,0f,0f,1f],start_interpolation: 0,interpolation_duration: 1}
$data merge entity $(bone_right_leg_hazmat) {transformation: [-1f,0f,0f,-0.125f,0f,0.7373f,-0.6756f,-1.0937f,0f,-0.6756f,-0.7373f,-0.3125f,0f,0f,0f,1f],start_interpolation: 0,interpolation_duration: 1}
$data merge entity $(bone_left_leg_hazmat) {transformation: [-1f,0f,0f,0.125f,0f,0.6428f,0.766f,-1.0937f,0f,0.766f,-0.6428f,-0.3125f,0f,0f,0f,1f],start_interpolation: 0,interpolation_duration: 1}
execute on vehicle unless entity @s[tag=aj.transforms_only] at @s run function animated_java:player_hazmat/animations/sprint_loop/zzz/frames/0_root_function