# This file was generated by Animated Java via MC-Build. It is not recommended to edit this file directly.
$data merge entity $(bone_right_arm_hazmat) {transformation: [-0.9538f,-0.2123f,0.2126f,-0.2086f,0.0904f,0.4722f,0.8768f,-0.4198f,-0.2866f,0.8555f,-0.4312f,-0.159f,0f,0f,0f,1f],start_interpolation: 0,interpolation_duration: 1}
$data merge entity $(bone_left_arm_hazmat) {transformation: [-0.9538f,0.2176f,0.2072f,0.1788f,0.0904f,0.8654f,-0.4928f,-0.4267f,-0.2866f,-0.4513f,-0.8451f,-0.0332f,0f,0f,0f,1f],start_interpolation: 0,interpolation_duration: 1}
$data merge entity $(bone_head) {transformation: [-0.9538f,0f,0.3005f,0f,0.0904f,0.9537f,0.2868f,-0.4693f,-0.2866f,0.3007f,-0.9096f,-0.1058f,0f,0f,0f,1f],start_interpolation: 0,interpolation_duration: 1}
$data merge entity $(bone_body) {transformation: [-0.9538f,0f,0.3005f,0f,0.0904f,0.9537f,0.2868f,-1.125f,-0.2866f,0.3007f,-0.9096f,-0.3125f,0f,0f,0f,1f],start_interpolation: 0,interpolation_duration: 1}
$data merge entity $(bone_right_leg_hazmat) {transformation: [-1f,0f,0f,-0.125f,0f,0.749f,-0.6626f,-1.0937f,0f,-0.6626f,-0.749f,-0.3125f,0f,0f,0f,1f],start_interpolation: 0,interpolation_duration: 1}
$data merge entity $(bone_left_leg_hazmat) {transformation: [-1f,0f,0f,0.125f,0f,0.655f,0.7556f,-1.0937f,0f,0.7556f,-0.655f,-0.3125f,0f,0f,0f,1f],start_interpolation: 0,interpolation_duration: 1}