# This file was generated by Animated Java via MC-Build. It is not recommended to edit this file directly.
$data merge entity $(bone_right_arm_hazmat) {transformation: [-0.9829f,-0.154f,-0.1014f,-0.2148f,-0.0556f,0.7719f,-0.6333f,-0.4522f,0.1758f,-0.6168f,-0.7672f,-0.0563f,0f,0f,0f,1f],start_interpolation: 0,interpolation_duration: 1}
$data merge entity $(bone_left_arm_hazmat) {transformation: [-0.9829f,0.1542f,-0.1012f,0.1845f,-0.0556f,0.2753f,0.9597f,-0.3998f,0.1758f,0.9489f,-0.262f,-0.1183f,0f,0f,0f,1f],start_interpolation: 0,interpolation_duration: 1}
$data merge entity $(bone_head) {transformation: [-0.9829f,0.0003f,-0.1844f,0.0002f,-0.0556f,0.953f,0.2978f,-0.4698f,0.1758f,0.3029f,-0.9366f,-0.1042f,0f,0f,0f,1f],start_interpolation: 0,interpolation_duration: 1}
$data merge entity $(bone_body) {transformation: [-0.9829f,0.0003f,-0.1844f,0f,-0.0556f,0.953f,0.2978f,-1.125f,0.1758f,0.3029f,-0.9366f,-0.3125f,0f,0f,0f,1f],start_interpolation: 0,interpolation_duration: 1}
$data merge entity $(bone_right_leg_hazmat) {transformation: [-1f,0f,0f,-0.125f,0f,0.7439f,0.6683f,-1.0937f,0f,0.6683f,-0.7439f,-0.3125f,0f,0f,0f,1f],start_interpolation: 0,interpolation_duration: 1}
$data merge entity $(bone_left_leg_hazmat) {transformation: [-1f,0f,0f,0.125f,0f,0.9941f,0.1089f,-1.0937f,0f,0.1089f,-0.9941f,-0.3125f,0f,0f,0f,1f],start_interpolation: 0,interpolation_duration: 1}