# This file was generated by Animated Java via MC-Build. It is not recommended to edit this file directly.
$data merge entity $(bone_right_arm_hazmat) {transformation: [-0.9934f,-0.0868f,-0.0747f,-0.2169f,-0.0345f,0.8492f,-0.527f,-0.4485f,0.1092f,-0.5209f,-0.8466f,-0.0681f,0f,0f,0f,1f],start_interpolation: 0,interpolation_duration: 1}
$data merge entity $(bone_left_arm_hazmat) {transformation: [-0.9934f,0.0873f,-0.0741f,0.1867f,-0.0345f,0.389f,0.9206f,-0.4047f,0.1092f,0.9171f,-0.3834f,-0.1029f,0f,0f,0f,1f],start_interpolation: 0,interpolation_duration: 1}
$data merge entity $(bone_player_head) {transformation: [-0.9934f,0.0006f,-0.1145f,0.0008f,-0.0345f,0.9518f,0.3048f,0.0647f,0.1092f,0.3068f,-0.9455f,0.071f,0f,0f,0f,1f],start_interpolation: 0,interpolation_duration: 1}
$data merge entity $(bone_head) {transformation: [-0.9934f,0.0006f,-0.1145f,0.0005f,-0.0345f,0.9518f,0.3048f,-0.4409f,0.1092f,0.3068f,-0.9455f,-0.092f,0f,0f,0f,1f],start_interpolation: 0,interpolation_duration: 1}
$data merge entity $(bone_body) {transformation: [-0.9934f,0.0006f,-0.1145f,0f,-0.0345f,0.9518f,0.3048f,-1.125f,0.1092f,0.3068f,-0.9455f,-0.3125f,0f,0f,0f,1f],start_interpolation: 0,interpolation_duration: 1}
$data merge entity $(bone_right_leg_hazmat) {transformation: [-1f,0f,0f,-0.125f,0f,0.8645f,0.5026f,-1.0937f,0f,0.5026f,-0.8645f,-0.3125f,0f,0f,0f,1f],start_interpolation: 0,interpolation_duration: 1}
$data merge entity $(bone_left_leg_hazmat) {transformation: [-1f,0f,0f,0.125f,0f,0.9293f,0.3692f,-1.0937f,0f,0.3692f,-0.9293f,-0.3125f,0f,0f,0f,1f],start_interpolation: 0,interpolation_duration: 1}