# This file was generated by Animated Java via MC-Build. It is not recommended to edit this file directly.
$data merge entity $(bone_right_arm_hazmat) {transformation: [-0.9994f,0.016f,0.0305f,-0.2183f,0.0111f,0.988f,-0.154f,-0.4393f,-0.0326f,-0.1536f,-0.9876f,-0.0966f,0f,0f,0f,1f],start_interpolation: 0,interpolation_duration: 1}
$data merge entity $(bone_left_arm_hazmat) {transformation: [-0.9994f,-0.0148f,0.0311f,0.1877f,0.0111f,0.7168f,0.6972f,-0.4141f,-0.0326f,0.6972f,-0.7162f,-0.0736f,0f,0f,0f,1f],start_interpolation: 0,interpolation_duration: 1}
$data merge entity $(bone_player_head) {transformation: [-0.9994f,0.0004f,0.0345f,0.0006f,0.0111f,0.9506f,0.3101f,0.0633f,-0.0326f,0.3103f,-0.9501f,0.0754f,0f,0f,0f,1f],start_interpolation: 0,interpolation_duration: 1}
$data merge entity $(bone_head) {transformation: [-0.9994f,0.0004f,0.0345f,0.0003f,0.0111f,0.9506f,0.3101f,-0.4417f,-0.0326f,0.3103f,-0.9501f,-0.0895f,0f,0f,0f,1f],start_interpolation: 0,interpolation_duration: 1}
$data merge entity $(bone_body) {transformation: [-0.9994f,0.0004f,0.0345f,0f,0.0111f,0.9506f,0.3101f,-1.125f,-0.0326f,0.3103f,-0.9501f,-0.3125f,0f,0f,0f,1f],start_interpolation: 0,interpolation_duration: 1}
$data merge entity $(bone_right_leg_hazmat) {transformation: [-1f,0f,0f,-0.125f,0f,0.9803f,0.1976f,-1.0937f,0f,0.1976f,-0.9803f,-0.3125f,0f,0f,0f,1f],start_interpolation: 0,interpolation_duration: 1}
$data merge entity $(bone_left_leg_hazmat) {transformation: [-1f,0f,0f,0.125f,0f,0.7978f,0.603f,-1.0937f,0f,0.603f,-0.7978f,-0.3125f,0f,0f,0f,1f],start_interpolation: 0,interpolation_duration: 1}