# This file was generated by Animated Java via MC-Build. It is not recommended to edit this file directly.
$data merge entity $(bone_right_arm_hazmat) {transformation: [-0.9548f,-0.2077f,0.2128f,-0.2089f,0.0895f,0.4818f,0.8717f,-0.42f,-0.2836f,0.8513f,-0.4414f,-0.1582f,0f,0f,0f,1f],start_interpolation: 0,interpolation_duration: 1}
$data merge entity $(bone_left_arm_hazmat) {transformation: [-0.9548f,0.2029f,0.2174f,0.179f,0.0895f,0.8933f,-0.4405f,-0.4266f,-0.2836f,-0.4011f,-0.871f,-0.0336f,0f,0f,0f,1f],start_interpolation: 0,interpolation_duration: 1}
$data merge entity $(bone_head) {transformation: [-0.9548f,0f,0.2974f,0f,0.0895f,0.9536f,0.2873f,-0.4694f,-0.2836f,0.301f,-0.9105f,-0.1056f,0f,0f,0f,1f],start_interpolation: 0,interpolation_duration: 1}
$data merge entity $(bone_body) {transformation: [-0.9548f,0f,0.2974f,0f,0.0895f,0.9536f,0.2873f,-1.125f,-0.2836f,0.301f,-0.9105f,-0.3125f,0f,0f,0f,1f],start_interpolation: 0,interpolation_duration: 1}
$data merge entity $(bone_right_leg_hazmat) {transformation: [-1f,0f,0f,-0.125f,0f,0.7833f,-0.6216f,-1.0937f,0f,-0.6216f,-0.7833f,-0.3125f,0f,0f,0f,1f],start_interpolation: 0,interpolation_duration: 1}
$data merge entity $(bone_left_leg_hazmat) {transformation: [-1f,0f,0f,0.125f,0f,0.6915f,0.7223f,-1.0937f,0f,0.7223f,-0.6915f,-0.3125f,0f,0f,0f,1f],start_interpolation: 0,interpolation_duration: 1}