# This file was generated by Animated Java via MC-Build. It is not recommended to edit this file directly.
$data merge entity $(bone_right_arm_hazmat) {transformation: [-0.9589f,-0.188f,0.2127f,-0.2098f,0.0857f,0.5228f,0.8482f,-0.4211f,-0.2706f,0.8315f,-0.4851f,-0.1547f,0f,0f,0f,1f],start_interpolation: 0,interpolation_duration: 1}
$data merge entity $(bone_left_arm_hazmat) {transformation: [-0.9589f,0.1713f,0.2264f,0.1797f,0.0857f,0.9349f,-0.3445f,-0.4261f,-0.2706f,-0.311f,-0.9111f,-0.0353f,0f,0f,0f,1f],start_interpolation: 0,interpolation_duration: 1}
$data merge entity $(bone_head) {transformation: [-0.9589f,-0.0001f,0.2839f,0f,0.0857f,0.9533f,0.2896f,-0.4696f,-0.2706f,0.302f,-0.9141f,-0.1049f,0f,0f,0f,1f],start_interpolation: 0,interpolation_duration: 1}
$data merge entity $(bone_body) {transformation: [-0.9589f,-0.0001f,0.2839f,0f,0.0857f,0.9533f,0.2896f,-1.125f,-0.2706f,0.302f,-0.9141f,-0.3125f,0f,0f,0f,1f],start_interpolation: 0,interpolation_duration: 1}
$data merge entity $(bone_right_leg_hazmat) {transformation: [-1f,0f,0f,-0.125f,0f,0.8378f,-0.546f,-1.0937f,0f,-0.546f,-0.8378f,-0.3125f,0f,0f,0f,1f],start_interpolation: 0,interpolation_duration: 1}
$data merge entity $(bone_left_leg_hazmat) {transformation: [-1f,0f,0f,0.125f,0f,0.7511f,0.6602f,-1.0937f,0f,0.6602f,-0.7511f,-0.3125f,0f,0f,0f,1f],start_interpolation: 0,interpolation_duration: 1}