# This file was generated by Animated Java via MC-Build. It is not recommended to edit this file directly.
$data merge entity $(bone_right_arm_hazmat) {transformation: [-0.969f,-0.1376f,0.2053f,-0.2121f,0.0751f,0.6274f,0.7751f,-0.4239f,-0.2355f,0.7664f,-0.5976f,-0.1452f,0f,0f,0f,1f],start_interpolation: 0,interpolation_duration: 1}
$data merge entity $(bone_left_arm_hazmat) {transformation: [-0.969f,0.1167f,0.2178f,0.1816f,0.0751f,0.9788f,-0.1905f,-0.4247f,-0.2355f,-0.1682f,-0.9572f,-0.0401f,0f,0f,0f,1f],start_interpolation: 0,interpolation_duration: 1}
$data merge entity $(bone_head) {transformation: [-0.969f,-0.0001f,0.2471f,-0.0001f,0.0751f,0.9525f,0.295f,-0.4701f,-0.2355f,0.3044f,-0.923f,-0.1032f,0f,0f,0f,1f],start_interpolation: 0,interpolation_duration: 1}
$data merge entity $(bone_body) {transformation: [-0.969f,-0.0001f,0.2471f,0f,0.0751f,0.9525f,0.295f,-1.125f,-0.2355f,0.3044f,-0.923f,-0.3125f,0f,0f,0f,1f],start_interpolation: 0,interpolation_duration: 1}
$data merge entity $(bone_right_leg_hazmat) {transformation: [-1f,0f,0f,-0.125f,0f,0.9062f,-0.4228f,-1.0937f,0f,-0.4228f,-0.9062f,-0.3125f,0f,0f,0f,1f],start_interpolation: 0,interpolation_duration: 1}
$data merge entity $(bone_left_leg_hazmat) {transformation: [-1f,0f,0f,0.125f,0f,0.8304f,0.5571f,-1.0937f,0f,0.5571f,-0.8304f,-0.3125f,0f,0f,0f,1f],start_interpolation: 0,interpolation_duration: 1}