# This file was generated by Animated Java via MC-Build. It is not recommended to edit this file directly.
$data merge entity $(bone_right_arm_hazmat) {transformation: [-0.9857f,-0.0512f,0.1606f,-0.2157f,0.0519f,0.8143f,0.5781f,-0.4299f,-0.1603f,0.5782f,-0.8f,-0.1261f,0f,0f,0f,1f],start_interpolation: 0,interpolation_duration: 1}
$data merge entity $(bone_left_arm_hazmat) {transformation: [-0.9857f,0.0442f,0.1626f,0.1848f,0.0519f,0.9977f,0.0431f,-0.4212f,-0.1603f,0.0509f,-0.9857f,-0.0513f,0f,0f,0f,1f],start_interpolation: 0,interpolation_duration: 1}
$data merge entity $(bone_head) {transformation: [-0.9857f,0f,0.1685f,0f,0.0519f,0.9513f,0.3037f,-0.471f,-0.1603f,0.3081f,-0.9377f,-0.1007f,0f,0f,0f,1f],start_interpolation: 0,interpolation_duration: 1}
$data merge entity $(bone_body) {transformation: [-0.9857f,0f,0.1685f,0f,0.0519f,0.9513f,0.3037f,-1.125f,-0.1603f,0.3081f,-0.9377f,-0.3125f,0f,0f,0f,1f],start_interpolation: 0,interpolation_duration: 1}
$data merge entity $(bone_right_leg_hazmat) {transformation: [-1f,0f,0f,-0.125f,0f,0.9734f,-0.229f,-1.0937f,0f,-0.229f,-0.9734f,-0.3125f,0f,0f,0f,1f],start_interpolation: 0,interpolation_duration: 1}
$data merge entity $(bone_left_leg_hazmat) {transformation: [-1f,0f,0f,0.125f,0f,0.9206f,0.3905f,-1.0937f,0f,0.3905f,-0.9206f,-0.3125f,0f,0f,0f,1f],start_interpolation: 0,interpolation_duration: 1}