# This file was generated by Animated Java via MC-Build. It is not recommended to edit this file directly.
$data merge entity $(bone_right_arm_hazmat) {transformation: [-0.9997f,0.0051f,0.0223f,-0.2183f,0.0076f,0.9938f,0.1114f,-0.4401f,-0.0216f,0.1115f,-0.9935f,-0.0942f,0f,0f,0f,1f],start_interpolation: 0,interpolation_duration: 1}
$data merge entity $(bone_left_arm_hazmat) {transformation: [-0.9997f,-0.0014f,0.0229f,0.1878f,0.0076f,0.9225f,0.3859f,-0.4134f,-0.0216f,0.386f,-0.9223f,-0.0757f,0f,0f,0f,1f],start_interpolation: 0,interpolation_duration: 1}
$data merge entity $(bone_head) {transformation: [-0.9997f,0.0005f,0.0229f,0.0003f,0.0076f,0.9506f,0.3102f,-0.4714f,-0.0216f,0.3103f,-0.9504f,-0.0992f,0f,0f,0f,1f],start_interpolation: 0,interpolation_duration: 1}
$data merge entity $(bone_body) {transformation: [-0.9997f,0.0005f,0.0229f,0f,0.0076f,0.9506f,0.3102f,-1.125f,-0.0216f,0.3103f,-0.9504f,-0.3125f,0f,0f,0f,1f],start_interpolation: 0,interpolation_duration: 1}
$data merge entity $(bone_right_leg_hazmat) {transformation: [-1f,0f,0f,-0.125f,0f,0.9965f,0.0833f,-1.0937f,0f,0.0833f,-0.9965f,-0.3125f,0f,0f,0f,1f],start_interpolation: 0,interpolation_duration: 1}
$data merge entity $(bone_left_leg_hazmat) {transformation: [-1f,0f,0f,0.125f,0f,0.9939f,0.1107f,-1.0937f,0f,0.1107f,-0.9939f,-0.3125f,0f,0f,0f,1f],start_interpolation: 0,interpolation_duration: 1}