# This file was generated by Animated Java via MC-Build. It is not recommended to edit this file directly.
$data merge entity $(bone_right_arm_hazmat) {transformation: [-0.9763f,-0.1874f,-0.1082f,-0.2136f,-0.0651f,0.7311f,-0.6792f,-0.4538f,0.2064f,-0.656f,-0.726f,-0.0512f,0f,0f,0f,1f],start_interpolation: 0,interpolation_duration: 1}
$data merge entity $(bone_left_arm_hazmat) {transformation: [-0.9763f,0.1874f,-0.1082f,0.1831f,-0.0651f,0.2226f,0.9727f,-0.3975f,0.2064f,0.9567f,-0.2051f,-0.1257f,0f,0f,0f,1f],start_interpolation: 0,interpolation_duration: 1}
$data merge entity $(bone_head) {transformation: [-0.9763f,0f,-0.2164f,0f,-0.0651f,0.9537f,0.2936f,-0.4693f,0.2064f,0.3007f,-0.9311f,-0.1058f,0f,0f,0f,1f],start_interpolation: 0,interpolation_duration: 1}
$data merge entity $(bone_body) {transformation: [-0.9763f,0f,-0.2164f,0f,-0.0651f,0.9537f,0.2936f,-1.125f,0.2064f,0.3007f,-0.9311f,-0.3125f,0f,0f,0f,1f],start_interpolation: 0,interpolation_duration: 1}
$data merge entity $(bone_right_leg_hazmat) {transformation: [-1f,0f,0f,-0.125f,0f,0.5736f,0.8192f,-1.0937f,0f,0.8192f,-0.5736f,-0.3125f,0f,0f,0f,1f],start_interpolation: 0,interpolation_duration: 1}
$data merge entity $(bone_left_leg_hazmat) {transformation: [-1f,0f,0f,0.125f,0f,0.766f,-0.6428f,-1.0937f,0f,-0.6428f,-0.766f,-0.3125f,0f,0f,0f,1f],start_interpolation: 0,interpolation_duration: 1}
execute on vehicle unless entity @s[tag=aj.transforms_only] at @s run function animated_java:player_hazmat/animations/sprint_loop/zzz/frames/7_root_function