# This file was generated by Animated Java via MC-Build. It is not recommended to edit this file directly.
$data merge entity $(bone_right_arm_hazmat) {transformation: [-0.9764f,-0.1865f,-0.1091f,-0.2136f,-0.065f,0.735f,-0.675f,-0.4537f,0.206f,-0.6519f,-0.7298f,-0.0513f,0f,0f,0f,1f],start_interpolation: 0,interpolation_duration: 1}
$data merge entity $(bone_left_arm_hazmat) {transformation: [-0.9764f,0.1865f,-0.1091f,0.1831f,-0.065f,0.2282f,0.9714f,-0.3975f,0.206f,0.9556f,-0.2107f,-0.1256f,0f,0f,0f,1f],start_interpolation: 0,interpolation_duration: 1}
$data merge entity $(bone_head) {transformation: [-0.9764f,0f,-0.216f,0f,-0.065f,0.9537f,0.2936f,-0.4693f,0.206f,0.3007f,-0.9312f,-0.1057f,0f,0f,0f,1f],start_interpolation: 0,interpolation_duration: 1}
$data merge entity $(bone_body) {transformation: [-0.9764f,0f,-0.216f,0f,-0.065f,0.9537f,0.2936f,-1.125f,0.206f,0.3007f,-0.9312f,-0.3125f,0f,0f,0f,1f],start_interpolation: 0,interpolation_duration: 1}
$data merge entity $(bone_right_leg_hazmat) {transformation: [-1f,0f,0f,-0.125f,0f,0.5929f,0.8053f,-1.0937f,0f,0.8053f,-0.5929f,-0.3125f,0f,0f,0f,1f],start_interpolation: 0,interpolation_duration: 1}
$data merge entity $(bone_left_leg_hazmat) {transformation: [-1f,0f,0f,0.125f,0f,0.9094f,-0.416f,-1.0937f,0f,-0.416f,-0.9094f,-0.3125f,0f,0f,0f,1f],start_interpolation: 0,interpolation_duration: 1}