# This file was generated by Animated Java via MC-Build. It is not recommended to edit this file directly.
$data merge entity $(bone_right_arm_hazmat) {transformation: [-0.9777f,-0.18f,-0.1084f,-0.2138f,-0.0632f,0.7439f,-0.6653f,-0.4535f,0.2004f,-0.6436f,-0.7387f,-0.0522f,0f,0f,0f,1f],start_interpolation: 0,interpolation_duration: 1}
$data merge entity $(bone_left_arm_hazmat) {transformation: [-0.9777f,0.18f,-0.1084f,0.1834f,-0.0632f,0.2397f,0.9688f,-0.398f,0.2004f,0.954f,-0.223f,-0.1242f,0f,0f,0f,1f],start_interpolation: 0,interpolation_duration: 1}
$data merge entity $(bone_head) {transformation: [-0.9777f,0.0001f,-0.2101f,0f,-0.0632f,0.9536f,0.2945f,-0.4694f,0.2004f,0.3012f,-0.9323f,-0.1054f,0f,0f,0f,1f],start_interpolation: 0,interpolation_duration: 1}
$data merge entity $(bone_body) {transformation: [-0.9777f,0.0001f,-0.2101f,0f,-0.0632f,0.9536f,0.2945f,-1.125f,0.2004f,0.3012f,-0.9323f,-0.3125f,0f,0f,0f,1f],start_interpolation: 0,interpolation_duration: 1}
$data merge entity $(bone_right_leg_hazmat) {transformation: [-1f,0f,0f,-0.125f,0f,0.6505f,0.7595f,-1.0937f,0f,0.7595f,-0.6505f,-0.3125f,0f,0f,0f,1f],start_interpolation: 0,interpolation_duration: 1}
$data merge entity $(bone_left_leg_hazmat) {transformation: [-1f,0f,0f,0.125f,0f,0.9872f,-0.1593f,-1.0937f,0f,-0.1593f,-0.9872f,-0.3125f,0f,0f,0f,1f],start_interpolation: 0,interpolation_duration: 1}